c Sudoku solution
p cnf 729 0
156 0
177 0
212 0
243 0
311 0
458 0
467 0
494 0
581 0
592 0
683 0
697 0
727 0
517 0
738 0
775 0
485 0
825 0
844 0
942 0
782 0
714 0
832 0
422 0
347 0
237 0
148 0
618 0
578 0
115 0
372 0
162 0
191 0
393 0
295 0
652 0
973 0
871 0
984 0
887 0
957 0
965 0
868 0
998 0
813 0
859 0
799 0
896 0
433 0
441 0
123 0
746 0
355 0
274 0
189 0
134 0
251 0
269 0
364 0
753 0
761 0
554 0
563 0
666 0
624 0
631 0
535 0
549 0
645 0
526 0
419 0
476 0
679 0
916 0
921 0
939 0
228 0
286 0
388 0
329 0
336 0
