c Sudoku solution
p cnf 729 0
113 0
157 0
164 0
285 0
298 0
428 0
435 0
453 0
577 0
582 0
621 0
714 0
736 0
745 0
125 0
812 0
915 0
632 0
318 0
148 0
211 0
139 0
873 0
895 0
675 0
688 0
693 0
383 0
397 0
334 0
237 0
274 0
379 0
524 0
533 0
941 0
938 0
831 0
778 0
243 0
752 0
549 0
516 0
591 0
476 0
461 0
442 0
417 0
619 0
346 0
259 0
262 0
226 0
322 0
351 0
365 0
555 0
568 0
858 0
171 0
186 0
192 0
972 0
781 0
799 0
866 0
954 0
847 0
763 0
969 0
727 0
923 0
829 0
884 0
996 0
987 0
644 0
656 0
667 0
489 0
494 0
