c Sudoku solution
p cnf 729 0
122 0
144 0
177 0
216 0
259 0
371 0
421 0
445 0
494 0
558 0
563 0
627 0
713 0
739 0
788 0
841 0
791 0
581 0
918 0
931 0
868 0
111 0
261 0
651 0
664 0
885 0
696 0
412 0
832 0
817 0
987 0
597 0
223 0
328 0
135 0
319 0
166 0
153 0
393 0
189 0
386 0
198 0
248 0
237 0
334 0
514 0
615 0
536 0
529 0
575 0
682 0
542 0
649 0
347 0
943 0
969 0
992 0
746 0
854 0
955 0
725 0
774 0
976 0
826 0
924 0
352 0
365 0
757 0
762 0
456 0
467 0
272 0
284 0
295 0
483 0
678 0
479 0
438 0
633 0
873 0
899 0
