c Sudoku solution
p cnf 729 0
181 0
192 0
213 0
286 0
354 0
419 0
475 0
561 0
587 0
622 0
743 0
755 0
774 0
294 0
831 0
791 0
671 0
421 0
311 0
844 0
878 0
926 0
766 0
896 0
576 0
482 0
684 0
464 0
972 0
789 0
997 0
388 0
395 0
327 0
728 0
148 0
238 0
332 0
346 0
737 0
712 0
815 0
914 0
883 0
985 0
829 0
933 0
116 0
518 0
617 0
523 0
436 0
534 0
635 0
599 0
545 0
552 0
124 0
139 0
225 0
165 0
242 0
251 0
941 0
656 0
447 0
649 0
857 0
862 0
153 0
369 0
267 0
177 0
373 0
279 0
458 0
663 0
493 0
698 0
959 0
968 0
