c Sudoku solution
p cnf 729 0
151 0
165 0
214 0
278 0
346 0
362 0
447 0
454 0
144 0
358 0
473 0
525 0
626 0
772 0
785 0
495 0
375 0
235 0
819 0
915 0
843 0
855 0
249 0
645 0
986 0
296 0
576 0
466 0
756 0
836 0
822 0
116 0
132 0
128 0
282 0
221 0
429 0
339 0
412 0
998 0
793 0
979 0
769 0
868 0
964 0
957 0
942 0
741 0
931 0
923 0
327 0
313 0
724 0
438 0
481 0
718 0
737 0
548 0
253 0
267 0
871 0
674 0
534 0
633 0
563 0
661 0
511 0
617 0
177 0
384 0
391 0
183 0
199 0
887 0
894 0
589 0
597 0
692 0
688 0
552 0
659 0
