c Sudoku solution
p cnf 729 0
116 0
135 0
191 0
248 0
263 0
274 0
424 0
473 0
487 0
515 0
551 0
688 0
671 0
723 0
183 0
747 0
855 0
925 0
896 0
993 0
843 0
533 0
313 0
334 0
653 0
912 0
769 0
775 0
527 0
619 0
667 0
568 0
626 0
632 0
736 0
164 0
217 0
397 0
157 0
798 0
958 0
754 0
862 0
782 0
711 0
814 0
881 0
984 0
418 0
431 0
239 0
149 0
221 0
829 0
838 0
937 0
877 0
979 0
459 0
389 0
285 0
292 0
178 0
376 0
122 0
328 0
256 0
352 0
572 0
495 0
694 0
599 0
586 0
442 0
466 0
645 0
544 0
341 0
365 0
946 0
961 0
