c Sudoku solution
p cnf 729 0
144 0
161 0
176 0
212 0
223 0
317 0
422 0
453 0
487 0
534 0
324 0
546 0
648 0
715 0
752 0
342 0
363 0
783 0
193 0
182 0
157 0
838 0
932 0
633 0
573 0
737 0
874 0
892 0
764 0
914 0
813 0
943 0
847 0
654 0
672 0
562 0
667 0
527 0
128 0
119 0
135 0
625 0
439 0
465 0
441 0
559 0
749 0
245 0
269 0
866 0
968 0
478 0
494 0
416 0
611 0
518 0
771 0
798 0
726 0
277 0
997 0
986 0
284 0
689 0
696 0
388 0
291 0
236 0
331 0
258 0
356 0
581 0
595 0
885 0
979 0
851 0
955 0
829 0
921 0
375 0
399 0
