c Sudoku solution
p cnf 729 0
113 0
125 0
152 0
276 0
291 0
319 0
446 0
461 0
474 0
515 0
524 0
647 0
736 0
616 0
326 0
166 0
744 0
858 0
956 0
885 0
896 0
935 0
586 0
983 0
994 0
559 0
245 0
781 0
351 0
131 0
184 0
571 0
621 0
149 0
289 0
178 0
197 0
382 0
798 0
712 0
779 0
723 0
222 0
432 0
688 0
487 0
418 0
429 0
537 0
633 0
699 0
592 0
662 0
654 0
455 0
493 0
675 0
238 0
928 0
969 0
827 0
911 0
814 0
839 0
841 0
942 0
863 0
872 0
977 0
217 0
334 0
367 0
348 0
543 0
568 0
253 0
264 0
757 0
765 0
373 0
395 0
