c Sudoku solution
p cnf 729 0
115 0
182 0
191 0
214 0
222 0
356 0
442 0
362 0
498 0
517 0
533 0
641 0
736 0
126 0
757 0
773 0
784 0
877 0
921 0
937 0
761 0
881 0
327 0
313 0
331 0
411 0
616 0
632 0
823 0
834 0
725 0
435 0
251 0
571 0
592 0
972 0
799 0
988 0
712 0
748 0
852 0
818 0
919 0
378 0
385 0
394 0
179 0
276 0
138 0
239 0
268 0
245 0
349 0
147 0
943 0
544 0
846 0
869 0
895 0
996 0
675 0
474 0
429 0
624 0
528 0
453 0
667 0
466 0
565 0
586 0
487 0
693 0
689 0
559 0
658 0
154 0
163 0
955 0
964 0
283 0
297 0
