c Sudoku solution
p cnf 729 0
121 0
147 0
259 0
284 0
443 0
472 0
491 0
558 0
577 0
619 0
741 0
762 0
776 0
818 0
839 0
329 0
885 0
871 0
261 0
651 0
381 0
914 0
931 0
511 0
674 0
193 0
973 0
179 0
846 0
926 0
822 0
642 0
532 0
278 0
375 0
245 0
987 0
992 0
894 0
754 0
955 0
182 0
156 0
352 0
363 0
115 0
212 0
713 0
853 0
867 0
457 0
416 0
317 0
236 0
223 0
297 0
396 0
583 0
633 0
627 0
725 0
737 0
524 0
428 0
435 0
464 0
549 0
489 0
344 0
168 0
134 0
338 0
948 0
969 0
686 0
595 0
698 0
566 0
665 0
788 0
799 0
