c Sudoku solution
p cnf 729 0
153 0
162 0
174 0
215 0
231 0
441 0
457 0
485 0
522 0
556 0
645 0
652 0
535 0
195 0
181 0
724 0
772 0
492 0
282 0
873 0
975 0
825 0
896 0
918 0
947 0
842 0
932 0
312 0
334 0
984 0
839 0
959 0
991 0
621 0
571 0
258 0
854 0
149 0
346 0
244 0
267 0
276 0
686 0
479 0
519 0
669 0
678 0
377 0
127 0
116 0
138 0
428 0
436 0
926 0
766 0
755 0
861 0
963 0
748 0
711 0
817 0
733 0
888 0
637 0
543 0
464 0
568 0
413 0
614 0
587 0
594 0
693 0
351 0
365 0
383 0
299 0
398 0
223 0
329 0
789 0
797 0
