c Sudoku solution
p cnf 729 0
124 0
141 0
166 0
282 0
344 0
421 0
445 0
476 0
552 0
362 0
587 0
613 0
712 0
132 0
622 0
492 0
737 0
417 0
753 0
871 0
972 0
761 0
842 0
651 0
591 0
381 0
899 0
997 0
918 0
931 0
211 0
539 0
647 0
546 0
636 0
243 0
949 0
748 0
888 0
983 0
729 0
573 0
463 0
193 0
786 0
867 0
119 0
185 0
158 0
177 0
568 0
438 0
514 0
525 0
834 0
823 0
333 0
926 0
815 0
856 0
316 0
235 0
269 0
355 0
257 0
296 0
274 0
398 0
379 0
228 0
327 0
954 0
965 0
459 0
664 0
484 0
689 0
775 0
794 0
678 0
695 0
