c Sudoku solution
p cnf 729 0
117 0
142 0
154 0
213 0
231 0
287 0
422 0
445 0
459 0
583 0
591 0
646 0
725 0
772 0
292 0
682 0
818 0
863 0
343 0
653 0
433 0
923 0
793 0
173 0
975 0
855 0
832 0
312 0
265 0
695 0
515 0
378 0
871 0
621 0
461 0
181 0
385 0
135 0
351 0
367 0
741 0
911 0
827 0
757 0
997 0
547 0
637 0
668 0
564 0
552 0
538 0
844 0
962 0
128 0
788 0
984 0
477 0
486 0
579 0
498 0
674 0
414 0
619 0
526 0
734 0
716 0
939 0
769 0
956 0
948 0
336 0
249 0
258 0
166 0
199 0
276 0
394 0
224 0
329 0
889 0
896 0
