c Sudoku solution
p cnf 729 0
115 0
157 0
172 0
223 0
244 0
421 0
434 0
443 0
552 0
578 0
636 0
675 0
718 0
628 0
762 0
342 0
846 0
884 0
374 0
124 0
914 0
754 0
981 0
271 0
399 0
787 0
477 0
297 0
659 0
664 0
594 0
691 0
647 0
822 0
992 0
898 0
795 0
525 0
541 0
566 0
232 0
749 0
731 0
773 0
879 0
976 0
726 0
929 0
311 0
161 0
216 0
327 0
338 0
139 0
148 0
269 0
255 0
363 0
356 0
385 0
288 0
945 0
835 0
851 0
953 0
867 0
968 0
813 0
937 0
612 0
419 0
533 0
517 0
589 0
683 0
458 0
465 0
482 0
496 0
186 0
193 0
