c Sudoku solution
p cnf 729 0
158 0
161 0
217 0
272 0
389 0
416 0
424 0
485 0
553 0
598 0
612 0
738 0
318 0
288 0
628 0
791 0
371 0
847 0
873 0
978 0
868 0
448 0
929 0
942 0
144 0
221 0
477 0
394 0
234 0
175 0
681 0
541 0
431 0
633 0
493 0
582 0
722 0
937 0
787 0
132 0
119 0
515 0
527 0
539 0
892 0
995 0
779 0
859 0
951 0
811 0
884 0
986 0
452 0
469 0
249 0
362 0
357 0
667 0
699 0
183 0
296 0
197 0
126 0
323 0
335 0
263 0
255 0
346 0
825 0
836 0
743 0
964 0
765 0
756 0
714 0
913 0
645 0
654 0
566 0
574 0
676 0
