c Sudoku solution
p cnf 729 0
115 0
186 0
254 0
361 0
437 0
442 0
473 0
545 0
588 0
621 0
719 0
746 0
762 0
855 0
265 0
356 0
152 0
871 0
941 0
731 0
211 0
191 0
481 0
551 0
894 0
724 0
964 0
644 0
384 0
134 0
574 0
414 0
978 0
996 0
758 0
459 0
989 0
882 0
676 0
495 0
635 0
925 0
785 0
793 0
777 0
375 0
272 0
179 0
869 0
283 0
687 0
567 0
466 0
653 0
668 0
428 0
612 0
592 0
699 0
932 0
322 0
957 0
843 0
913 0
516 0
163 0
127 0
333 0
318 0
148 0
298 0
397 0
247 0
349 0
817 0
826 0
838 0
523 0
539 0
229 0
236 0
