c Sudoku solution
p cnf 729 0
132 0
189 0
217 0
254 0
351 0
428 0
442 0
485 0
514 0
576 0
716 0
771 0
794 0
823 0
845 0
949 0
644 0
474 0
541 0
124 0
384 0
977 0
995 0
653 0
167 0
397 0
747 0
837 0
934 0
864 0
961 0
763 0
983 0
811 0
922 0
918 0
956 0
191 0
612 0
155 0
113 0
178 0
146 0
419 0
315 0
275 0
457 0
466 0
559 0
373 0
243 0
348 0
238 0
221 0
269 0
362 0
872 0
788 0
886 0
899 0
752 0
858 0
679 0
681 0
493 0
431 0
533 0
282 0
296 0
592 0
587 0
698 0
525 0
636 0
627 0
568 0
665 0
729 0
735 0
326 0
339 0
