c Sudoku solution
p cnf 729 0
115 0
146 0
152 0
161 0
238 0
273 0
284 0
411 0
455 0
526 0
583 0
717 0
772 0
795 0
823 0
993 0
133 0
124 0
613 0
844 0
734 0
974 0
514 0
948 0
818 0
788 0
259 0
862 0
965 0
835 0
625 0
428 0
575 0
267 0
245 0
343 0
327 0
463 0
494 0
753 0
766 0
749 0
721 0
222 0
331 0
216 0
319 0
291 0
912 0
929 0
936 0
656 0
664 0
569 0
558 0
354 0
368 0
376 0
385 0
392 0
486 0
682 0
896 0
597 0
479 0
639 0
541 0
647 0
442 0
437 0
532 0
889 0
981 0
877 0
851 0
957 0
671 0
698 0
178 0
187 0
199 0
