c Sudoku solution
p cnf 729 0
111 0
136 0
157 0
192 0
243 0
274 0
312 0
375 0
487 0
496 0
528 0
544 0
724 0
164 0
334 0
414 0
773 0
785 0
856 0
954 0
716 0
626 0
346 0
286 0
566 0
976 0
877 0
861 0
963 0
459 0
635 0
595 0
255 0
351 0
262 0
125 0
323 0
183 0
291 0
397 0
433 0
813 0
915 0
845 0
218 0
465 0
553 0
693 0
684 0
894 0
731 0
421 0
532 0
641 0
667 0
517 0
619 0
747 0
752 0
442 0
658 0
478 0
672 0
571 0
589 0
179 0
388 0
148 0
369 0
949 0
768 0
799 0
981 0
998 0
882 0
829 0
922 0
937 0
838 0
227 0
239 0
