c Sudoku solution
p cnf 729 0
111 0
136 0
244 0
283 0
382 0
461 0
476 0
497 0
523 0
671 0
693 0
531 0
724 0
745 0
752 0
817 0
879 0
943 0
833 0
773 0
313 0
334 0
453 0
163 0
958 0
864 0
654 0
921 0
572 0
637 0
366 0
296 0
391 0
251 0
841 0
856 0
626 0
546 0
781 0
767 0
969 0
557 0
986 0
798 0
977 0
994 0
892 0
885 0
716 0
739 0
828 0
174 0
227 0
219 0
238 0
122 0
325 0
262 0
275 0
155 0
359 0
429 0
649 0
442 0
435 0
612 0
915 0
932 0
378 0
187 0
199 0
148 0
347 0
688 0
595 0
484 0
589 0
418 0
514 0
568 0
665 0
