c Sudoku solution
p cnf 729 0
152 0
163 0
218 0
274 0
371 0
411 0
448 0
476 0
587 0
634 0
725 0
756 0
782 0
822 0
883 0
895 0
944 0
962 0
955 0
743 0
814 0
794 0
836 0
124 0
484 0
649 0
542 0
672 0
432 0
465 0
312 0
292 0
393 0
573 0
499 0
685 0
175 0
197 0
188 0
515 0
981 0
996 0
731 0
221 0
139 0
233 0
335 0
327 0
116 0
141 0
245 0
346 0
286 0
389 0
423 0
617 0
457 0
653 0
913 0
719 0
979 0
928 0
937 0
626 0
529 0
538 0
566 0
554 0
661 0
591 0
698 0
847 0
768 0
777 0
878 0
851 0
869 0
358 0
364 0
259 0
267 0
