c Sudoku solution
p cnf 729 0
116 0
123 0
155 0
289 0
291 0
322 0
431 0
311 0
447 0
484 0
512 0
558 0
573 0
715 0
772 0
841 0
161 0
651 0
581 0
971 0
721 0
864 0
949 0
965 0
139 0
799 0
994 0
734 0
566 0
529 0
544 0
645 0
819 0
174 0
354 0
369 0
459 0
679 0
267 0
337 0
535 0
597 0
225 0
214 0
238 0
276 0
346 0
148 0
624 0
617 0
242 0
253 0
743 0
768 0
877 0
786 0
757 0
927 0
187 0
192 0
682 0
462 0
663 0
413 0
636 0
428 0
496 0
475 0
698 0
918 0
826 0
852 0
956 0
833 0
932 0
983 0
378 0
385 0
393 0
888 0
895 0
