c Sudoku solution
p cnf 729 0
147 0
164 0
176 0
219 0
443 0
474 0
497 0
511 0
539 0
558 0
612 0
724 0
314 0
544 0
634 0
746 0
775 0
852 0
954 0
889 0
894 0
929 0
284 0
981 0
996 0
573 0
623 0
527 0
242 0
461 0
562 0
482 0
595 0
586 0
688 0
459 0
645 0
948 0
841 0
731 0
932 0
977 0
878 0
718 0
817 0
416 0
349 0
199 0
769 0
757 0
656 0
667 0
372 0
122 0
151 0
387 0
237 0
271 0
321 0
679 0
691 0
783 0
792 0
185 0
113 0
138 0
915 0
833 0
826 0
865 0
963 0
225 0
336 0
253 0
355 0
298 0
393 0
266 0
368 0
428 0
435 0
