c Sudoku solution
p cnf 729 0
143 0
185 0
228 0
231 0
413 0
422 0
446 0
515 0
542 0
584 0
691 0
521 0
751 0
341 0
171 0
461 0
776 0
817 0
911 0
881 0
873 0
954 0
434 0
968 0
763 0
648 0
664 0
538 0
596 0
683 0
672 0
655 0
718 0
898 0
794 0
824 0
244 0
553 0
265 0
374 0
114 0
478 0
495 0
975 0
293 0
388 0
158 0
286 0
323 0
335 0
933 0
926 0
725 0
845 0
127 0
629 0
637 0
616 0
136 0
169 0
192 0
567 0
459 0
487 0
579 0
839 0
732 0
277 0
399 0
252 0
366 0
357 0
219 0
312 0
856 0
862 0
982 0
789 0
997 0
747 0
949 0
