c Sudoku solution
p cnf 729 0
116 0
158 0
172 0
223 0
244 0
421 0
434 0
443 0
555 0
576 0
637 0
626 0
679 0
719 0
762 0
847 0
884 0
374 0
124 0
914 0
754 0
981 0
271 0
395 0
788 0
478 0
298 0
412 0
615 0
497 0
485 0
567 0
664 0
594 0
691 0
541 0
652 0
648 0
582 0
683 0
217 0
731 0
311 0
161 0
342 0
232 0
135 0
149 0
265 0
256 0
289 0
386 0
851 0
459 0
466 0
357 0
363 0
953 0
187 0
193 0
773 0
875 0
977 0
796 0
745 0
946 0
727 0
925 0
822 0
899 0
992 0
836 0
813 0
938 0
868 0
969 0
518 0
533 0
529 0
328 0
339 0
