c Sudoku solution
p cnf 729 0
142 0
188 0
194 0
215 0
231 0
416 0
424 0
497 0
563 0
575 0
628 0
712 0
771 0
783 0
844 0
734 0
314 0
338 0
856 0
958 0
943 0
798 0
726 0
818 0
136 0
478 0
433 0
635 0
548 0
113 0
823 0
861 0
962 0
925 0
911 0
521 0
532 0
268 0
254 0
353 0
584 0
596 0
664 0
646 0
366 0
151 0
165 0
441 0
745 0
455 0
652 0
469 0
557 0
482 0
519 0
617 0
759 0
767 0
974 0
276 0
293 0
673 0
222 0
986 0
999 0
839 0
937 0
691 0
689 0
381 0
395 0
372 0
877 0
892 0
885 0
179 0
287 0
127 0
329 0
249 0
347 0
