c Sudoku solution
p cnf 729 0
113 0
127 0
159 0
288 0
291 0
322 0
431 0
311 0
446 0
484 0
512 0
557 0
573 0
715 0
772 0
841 0
161 0
651 0
581 0
971 0
721 0
864 0
948 0
138 0
798 0
994 0
734 0
963 0
756 0
783 0
393 0
926 0
678 0
266 0
336 0
616 0
596 0
214 0
354 0
368 0
174 0
458 0
643 0
544 0
423 0
528 0
624 0
818 0
829 0
833 0
932 0
917 0
852 0
955 0
989 0
419 0
637 0
535 0
569 0
665 0
462 0
225 0
239 0
277 0
379 0
385 0
145 0
347 0
242 0
253 0
749 0
767 0
876 0
475 0
497 0
887 0
895 0
186 0
192 0
682 0
699 0
