c Sudoku solution
p cnf 729 0
125 0
146 0
178 0
212 0
254 0
371 0
457 0
463 0
521 0
545 0
628 0
713 0
734 0
797 0
817 0
882 0
941 0
967 0
781 0
831 0
111 0
261 0
651 0
491 0
599 0
959 0
516 0
666 0
323 0
314 0
424 0
918 0
935 0
922 0
898 0
227 0
139 0
187 0
194 0
392 0
153 0
162 0
347 0
369 0
355 0
248 0
236 0
338 0
386 0
432 0
843 0
864 0
644 0
449 0
488 0
476 0
415 0
619 0
742 0
552 0
568 0
856 0
765 0
758 0
875 0
779 0
726 0
829 0
672 0
996 0
577 0
584 0
533 0
637 0
974 0
983 0
273 0
295 0
289 0
685 0
693 0
