c Sudoku solution
p cnf 729 0
115 0
124 0
159 0
288 0
291 0
322 0
431 0
311 0
447 0
483 0
516 0
555 0
572 0
714 0
779 0
841 0
161 0
651 0
581 0
971 0
721 0
863 0
948 0
969 0
138 0
798 0
993 0
733 0
634 0
353 0
368 0
173 0
458 0
564 0
678 0
528 0
543 0
649 0
818 0
389 0
267 0
337 0
539 0
412 0
425 0
466 0
662 0
474 0
499 0
597 0
917 0
613 0
627 0
219 0
223 0
236 0
926 0
829 0
765 0
275 0
345 0
146 0
244 0
252 0
742 0
954 0
376 0
394 0
877 0
786 0
757 0
856 0
884 0
685 0
696 0
982 0
895 0
832 0
935 0
187 0
192 0
