c Sudoku solution
p cnf 729 0
112 0
171 0
193 0
245 0
267 0
448 0
453 0
492 0
527 0
531 0
686 0
713 0
752 0
774 0
826 0
877 0
487 0
691 0
461 0
137 0
917 0
747 0
657 0
397 0
885 0
832 0
622 0
633 0
223 0
125 0
375 0
479 0
424 0
678 0
573 0
518 0
619 0
665 0
644 0
415 0
436 0
955 0
735 0
983 0
781 0
972 0
282 0
276 0
316 0
584 0
595 0
294 0
211 0
334 0
814 0
921 0
964 0
154 0
556 0
149 0
166 0
258 0
351 0
188 0
389 0
239 0
328 0
729 0
938 0
841 0
863 0
343 0
362 0
542 0
569 0
946 0
768 0
859 0
796 0
999 0
898 0
