c Sudoku solution
p cnf 729 0
141 0
227 0
268 0
282 0
311 0
323 0
365 0
379 0
421 0
437 0
494 0
547 0
576 0
613 0
626 0
632 0
697 0
722 0
112 0
754 0
829 0
861 0
878 0
949 0
956 0
748 0
995 0
396 0
893 0
972 0
592 0
462 0
446 0
243 0
259 0
166 0
344 0
352 0
157 0
387 0
139 0
291 0
338 0
842 0
855 0
645 0
664 0
671 0
551 0
453 0
569 0
658 0
475 0
583 0
419 0
488 0
689 0
777 0
763 0
967 0
933 0
731 0
715 0
799 0
981 0
884 0
786 0
836 0
817 0
216 0
173 0
198 0
274 0
185 0
124 0
235 0
928 0
914 0
518 0
534 0
525 0
