c Sudoku solution
p cnf 729 0
167 0
192 0
236 0
341 0
356 0
368 0
385 0
397 0
473 0
516 0
547 0
558 0
621 0
639 0
666 0
687 0
694 0
724 0
762 0
791 0
826 0
854 0
872 0
938 0
989 0
974 0
777 0
957 0
451 0
379 0
176 0
733 0
925 0
912 0
719 0
755 0
895 0
961 0
599 0
271 0
575 0
581 0
482 0
678 0
496 0
786 0
993 0
888 0
748 0
946 0
298 0
314 0
217 0
332 0
323 0
229 0
128 0
613 0
522 0
534 0
435 0
645 0
652 0
563 0
115 0
131 0
811 0
837 0
418 0
427 0
242 0
253 0
159 0
265 0
144 0
183 0
284 0
843 0
869 0
449 0
464 0
