c Sudoku solution
p cnf 729 0
124 0
158 0
162 0
183 0
225 0
271 0
353 0
367 0
386 0
418 0
432 0
481 0
515 0
543 0
551 0
566 0
668 0
731 0
755 0
465 0
812 0
322 0
621 0
826 0
884 0
893 0
991 0
861 0
913 0
763 0
233 0
338 0
423 0
673 0
934 0
835 0
744 0
969 0
857 0
848 0
879 0
614 0
636 0
454 0
264 0
246 0
259 0
116 0
311 0
141 0
345 0
217 0
139 0
399 0
374 0
719 0
529 0
537 0
942 0
956 0
652 0
594 0
689 0
695 0
449 0
647 0
985 0
175 0
197 0
787 0
978 0
728 0
927 0
477 0
496 0
776 0
792 0
572 0
588 0
282 0
298 0
