c Sudoku solution
p cnf 729 0
137 0
183 0
225 0
269 0
291 0
319 0
422 0
515 0
553 0
582 0
599 0
179 0
628 0
657 0
664 0
642 0
639 0
671 0
693 0
616 0
685 0
744 0
768 0
832 0
896 0
951 0
965 0
752 0
859 0
946 0
875 0
797 0
773 0
735 0
726 0
711 0
789 0
881 0
818 0
824 0
933 0
917 0
929 0
527 0
323 0
243 0
413 0
121 0
847 0
863 0
367 0
341 0
548 0
145 0
449 0
162 0
114 0
212 0
198 0
156 0
455 0
395 0
372 0
992 0
494 0
576 0
431 0
534 0
466 0
561 0
978 0
984 0
274 0
386 0
287 0
258 0
354 0
236 0
338 0
477 0
488 0
