c Sudoku solution
p cnf 729 0
176 0
223 0
234 0
259 0
316 0
368 0
393 0
446 0
266 0
544 0
585 0
612 0
625 0
671 0
738 0
784 0
694 0
374 0
829 0
836 0
526 0
686 0
852 0
911 0
958 0
756 0
996 0
648 0
154 0
967 0
864 0
924 0
414 0
975 0
989 0
932 0
727 0
943 0
163 0
749 0
669 0
199 0
295 0
339 0
519 0
428 0
135 0
479 0
217 0
118 0
242 0
281 0
278 0
598 0
888 0
483 0
657 0
553 0
633 0
121 0
322 0
147 0
182 0
387 0
345 0
351 0
841 0
765 0
791 0
897 0
772 0
873 0
713 0
815 0
455 0
577 0
492 0
461 0
562 0
437 0
531 0
