c Sudoku solution
p cnf 729 0
147 0
189 0
266 0
275 0
349 0
351 0
363 0
386 0
436 0
465 0
155 0
523 0
557 0
569 0
627 0
648 0
654 0
546 0
682 0
661 0
732 0
512 0
771 0
826 0
116 0
864 0
244 0
872 0
899 0
914 0
935 0
325 0
392 0
615 0
639 0
479 0
941 0
442 0
453 0
858 0
767 0
962 0
252 0
168 0
122 0
424 0
221 0
219 0
191 0
794 0
756 0
959 0
729 0
928 0
713 0
745 0
843 0
788 0
885 0
584 0
481 0
578 0
595 0
497 0
418 0
531 0
811 0
837 0
317 0
977 0
996 0
983 0
676 0
693 0
173 0
374 0
134 0
233 0
338 0
287 0
298 0
