c Sudoku solution
p cnf 729 0
185 0
232 0
241 0
254 0
268 0
336 0
369 0
384 0
392 0
466 0
525 0
215 0
576 0
597 0
649 0
658 0
681 0
794 0
829 0
833 0
916 0
626 0
959 0
961 0
988 0
995 0
735 0
693 0
538 0
551 0
842 0
748 0
818 0
864 0
855 0
756 0
146 0
345 0
665 0
475 0
674 0
498 0
612 0
637 0
934 0
139 0
191 0
431 0
896 0
887 0
871 0
286 0
299 0
779 0
972 0
783 0
722 0
711 0
927 0
767 0
943 0
321 0
128 0
114 0
378 0
424 0
544 0
317 0
223 0
277 0
173 0
353 0
447 0
452 0
563 0
489 0
582 0
413 0
519 0
157 0
162 0
