c Sudoku solution
p cnf 729 0
245 0
253 0
272 0
298 0
335 0
362 0
374 0
439 0
442 0
481 0
495 0
533 0
594 0
628 0
636 0
643 0
473 0
723 0
747 0
754 0
144 0
768 0
458 0
466 0
664 0
348 0
827 0
424 0
417 0
838 0
118 0
313 0
916 0
846 0
984 0
978 0
997 0
814 0
963 0
234 0
137 0
122 0
588 0
576 0
512 0
677 0
651 0
549 0
521 0
615 0
925 0
719 0
211 0
941 0
932 0
731 0
775 0
959 0
852 0
865 0
883 0
161 0
391 0
555 0
567 0
357 0
156 0
269 0
287 0
386 0
226 0
329 0
871 0
899 0
179 0
185 0
193 0
782 0
796 0
689 0
692 0
