c Sudoku solution
p cnf 729 0
141 0
166 0
187 0
262 0
276 0
281 0
359 0
425 0
454 0
483 0
513 0
545 0
571 0
582 0
632 0
442 0
667 0
698 0
727 0
749 0
786 0
818 0
823 0
872 0
951 0
752 0
461 0
569 0
558 0
438 0
975 0
685 0
477 0
537 0
214 0
317 0
174 0
388 0
373 0
128 0
229 0
199 0
392 0
295 0
112 0
233 0
135 0
153 0
257 0
365 0
344 0
248 0
922 0
715 0
611 0
321 0
336 0
419 0
496 0
594 0
679 0
526 0
624 0
916 0
656 0
643 0
947 0
846 0
855 0
864 0
889 0
897 0
791 0
993 0
734 0
831 0
939 0
763 0
968 0
778 0
984 0
