c Sudoku solution
p cnf 729 0
143 0
159 0
178 0
229 0
235 0
291 0
334 0
361 0
457 0
473 0
488 0
525 0
599 0
649 0
658 0
671 0
696 0
716 0
738 0
328 0
518 0
827 0
872 0
924 0
942 0
722 0
623 0
976 0
983 0
833 0
213 0
393 0
998 0
967 0
775 0
894 0
797 0
379 0
192 0
312 0
495 0
665 0
185 0
164 0
563 0
753 0
769 0
744 0
781 0
889 0
414 0
617 0
632 0
439 0
462 0
582 0
577 0
684 0
111 0
126 0
137 0
815 0
955 0
919 0
931 0
421 0
536 0
446 0
541 0
554 0
851 0
345 0
356 0
252 0
268 0
247 0
286 0
274 0
387 0
848 0
866 0
