c Sudoku solution
p cnf 729 0
253 0
267 0
289 0
295 0
346 0
359 0
372 0
397 0
512 0
555 0
569 0
587 0
613 0
642 0
656 0
675 0
684 0
754 0
762 0
152 0
838 0
883 0
939 0
232 0
957 0
851 0
447 0
458 0
661 0
637 0
974 0
194 0
173 0
982 0
785 0
822 0
814 0
877 0
492 0
593 0
463 0
544 0
364 0
224 0
434 0
117 0
129 0
727 0
419 0
425 0
628 0
699 0
578 0
915 0
335 0
323 0
733 0
943 0
779 0
896 0
716 0
921 0
791 0
998 0
748 0
966 0
865 0
849 0
136 0
276 0
526 0
531 0
145 0
241 0
168 0
181 0
388 0
218 0
311 0
471 0
486 0
