c Sudoku solution
p cnf 729 0
241 0
263 0
298 0
319 0
325 0
356 0
362 0
393 0
434 0
455 0
478 0
529 0
548 0
338 0
561 0
622 0
618 0
674 0
554 0
442 0
699 0
469 0
732 0
768 0
158 0
783 0
573 0
823 0
928 0
888 0
413 0
133 0
864 0
935 0
839 0
515 0
685 0
631 0
165 0
275 0
972 0
852 0
997 0
966 0
646 0
653 0
667 0
943 0
236 0
537 0
426 0
491 0
487 0
344 0
381 0
377 0
121 0
592 0
586 0
816 0
871 0
895 0
745 0
847 0
149 0
257 0
117 0
212 0
224 0
182 0
194 0
289 0
176 0
727 0
779 0
796 0
984 0
714 0
911 0
751 0
959 0
