c Sudoku solution
p cnf 729 0
124 0
273 0
338 0
364 0
375 0
399 0
434 0
449 0
492 0
531 0
578 0
584 0
294 0
623 0
644 0
666 0
726 0
787 0
798 0
852 0
868 0
876 0
814 0
885 0
932 0
772 0
974 0
989 0
754 0
769 0
612 0
658 0
679 0
681 0
477 0
695 0
637 0
171 0
197 0
483 0
596 0
416 0
428 0
918 0
956 0
965 0
461 0
455 0
145 0
248 0
346 0
188 0
162 0
267 0
136 0
286 0
382 0
222 0
317 0
113 0
321 0
159 0
353 0
251 0
711 0
927 0
735 0
833 0
829 0
743 0
891 0
993 0
847 0
941 0
525 0
519 0
215 0
239 0
542 0
557 0
563 0
