c Sudoku solution
p cnf 729 0
131 0
235 0
251 0
267 0
322 0
348 0
385 0
418 0
447 0
482 0
537 0
563 0
589 0
659 0
676 0
697 0
724 0
732 0
769 0
778 0
783 0
872 0
921 0
938 0
942 0
292 0
965 0
194 0
598 0
668 0
552 0
612 0
511 0
162 0
858 0
123 0
228 0
188 0
286 0
625 0
526 0
429 0
633 0
434 0
827 0
757 0
987 0
155 0
146 0
364 0
353 0
249 0
273 0
214 0
843 0
913 0
545 0
644 0
461 0
456 0
681 0
574 0
741 0
954 0
866 0
884 0
891 0
979 0
795 0
996 0
716 0
815 0
839 0
336 0
371 0
399 0
177 0
119 0
317 0
475 0
493 0
