c Sudoku solution
p cnf 729 0
137 0
152 0
213 0
245 0
251 0
264 0
297 0
325 0
392 0
517 0
553 0
568 0
585 0
599 0
616 0
629 0
635 0
661 0
722 0
412 0
232 0
731 0
534 0
521 0
814 0
124 0
865 0
455 0
962 0
888 0
872 0
576 0
542 0
682 0
927 0
974 0
384 0
993 0
915 0
673 0
698 0
494 0
183 0
746 0
754 0
763 0
795 0
718 0
343 0
644 0
657 0
449 0
466 0
847 0
941 0
859 0
958 0
891 0
986 0
939 0
148 0
356 0
169 0
367 0
196 0
175 0
371 0
289 0
278 0
111 0
319 0
226 0
338 0
823 0
836 0
428 0
433 0
477 0
481 0
779 0
787 0
