c Sudoku solution
p cnf 729 0
166 0
249 0
253 0
271 0
357 0
379 0
386 0
392 0
426 0
444 0
533 0
585 0
614 0
625 0
667 0
676 0
723 0
313 0
734 0
789 0
811 0
829 0
854 0
877 0
896 0
916 0
236 0
988 0
991 0
795 0
974 0
883 0
772 0
578 0
594 0
473 0
643 0
963 0
959 0
175 0
215 0
455 0
193 0
298 0
699 0
497 0
328 0
331 0
364 0
262 0
345 0
521 0
517 0
569 0
718 0
747 0
756 0
761 0
141 0
158 0
942 0
848 0
865 0
832 0
927 0
935 0
122 0
119 0
224 0
137 0
184 0
287 0
412 0
638 0
439 0
481 0
682 0
468 0
651 0
546 0
552 0
