c Sudoku solution
p cnf 729 0
118 0
273 0
285 0
312 0
333 0
357 0
414 0
459 0
493 0
511 0
537 0
546 0
565 0
588 0
623 0
553 0
652 0
687 0
696 0
786 0
794 0
574 0
825 0
615 0
475 0
135 0
345 0
755 0
995 0
848 0
258 0
398 0
934 0
943 0
713 0
883 0
163 0
969 0
389 0
184 0
854 0
226 0
324 0
436 0
361 0
156 0
376 0
951 0
866 0
916 0
982 0
832 0
172 0
149 0
481 0
679 0
592 0
447 0
641 0
664 0
468 0
422 0
529 0
638 0
244 0
262 0
742 0
767 0
871 0
977 0
899 0
778 0
721 0
739 0
928 0
817 0
219 0
127 0
231 0
191 0
297 0
