c Sudoku solution
p cnf 729 0
146 0
194 0
214 0
225 0
272 0
358 0
369 0
344 0
373 0
419 0
427 0
493 0
526 0
533 0
634 0
662 0
152 0
165 0
677 0
716 0
739 0
129 0
113 0
755 0
915 0
435 0
512 0
482 0
963 0
986 0
476 0
656 0
643 0
545 0
559 0
567 0
253 0
866 0
261 0
247 0
875 0
979 0
849 0
991 0
598 0
823 0
783 0
797 0
892 0
236 0
138 0
187 0
171 0
385 0
396 0
299 0
288 0
574 0
581 0
778 0
884 0
764 0
957 0
851 0
742 0
948 0
721 0
837 0
924 0
932 0
818 0
317 0
611 0
628 0
322 0
331 0
441 0
454 0
468 0
689 0
695 0
