c Sudoku solution
p cnf 729 0
211 0
236 0
255 0
273 0
323 0
337 0
351 0
368 0
376 0
394 0
469 0
525 0
531 0
542 0
349 0
553 0
577 0
626 0
639 0
658 0
788 0
821 0
893 0
912 0
315 0
382 0
928 0
848 0
298 0
478 0
518 0
138 0
432 0
963 0
733 0
143 0
971 0
986 0
835 0
934 0
564 0
589 0
596 0
287 0
244 0
262 0
122 0
229 0
114 0
424 0
727 0
997 0
945 0
959 0
665 0
761 0
746 0
867 0
719 0
816 0
456 0
157 0
166 0
884 0
879 0
754 0
852 0
674 0
692 0
772 0
795 0
175 0
181 0
199 0
683 0
491 0
485 0
447 0
641 0
413 0
617 0
