c Sudoku solution
p cnf 729 0
114 0
151 0
168 0
177 0
218 0
292 0
364 0
536 0
555 0
563 0
591 0
637 0
642 0
352 0
656 0
674 0
284 0
683 0
731 0
757 0
796 0
823 0
861 0
441 0
669 0
467 0
587 0
888 0
946 0
816 0
897 0
994 0
266 0
315 0
611 0
413 0
917 0
233 0
339 0
132 0
126 0
259 0
872 0
953 0
748 0
773 0
724 0
835 0
938 0
922 0
719 0
762 0
965 0
785 0
512 0
434 0
458 0
544 0
849 0
854 0
482 0
476 0
275 0
189 0
193 0
398 0
145 0
343 0
247 0
221 0
327 0
371 0
386 0
979 0
981 0
578 0
695 0
499 0
425 0
628 0
529 0
