c Sudoku solution
p cnf 729 0
135 0
169 0
174 0
231 0
248 0
266 0
287 0
363 0
375 0
255 0
461 0
494 0
544 0
354 0
576 0
589 0
598 0
628 0
458 0
636 0
614 0
446 0
224 0
653 0
649 0
718 0
188 0
338 0
786 0
825 0
892 0
923 0
937 0
995 0
745 0
843 0
483 0
415 0
565 0
533 0
685 0
382 0
212 0
113 0
984 0
881 0
671 0
697 0
472 0
439 0
522 0
511 0
427 0
557 0
662 0
721 0
732 0
834 0
764 0
317 0
126 0
329 0
191 0
396 0
341 0
942 0
951 0
968 0
856 0
867 0
759 0
819 0
916 0
878 0
979 0
147 0
152 0
777 0
793 0
273 0
299 0
