c Sudoku solution
p cnf 729 0
241 0
258 0
267 0
276 0
349 0
352 0
375 0
387 0
446 0
532 0
569 0
595 0
629 0
678 0
686 0
693 0
712 0
864 0
889 0
926 0
516 0
959 0
739 0
963 0
366 0
165 0
136 0
977 0
497 0
479 0
482 0
662 0
988 0
785 0
991 0
942 0
528 0
468 0
761 0
748 0
915 0
934 0
235 0
425 0
154 0
143 0
283 0
181 0
172 0
127 0
222 0
324 0
219 0
118 0
199 0
398 0
294 0
838 0
821 0
723 0
817 0
774 0
873 0
892 0
796 0
757 0
856 0
845 0
637 0
553 0
547 0
644 0
451 0
655 0
433 0
611 0
414 0
313 0
331 0
571 0
584 0
