c Sudoku solution
p cnf 729 0
127 0
182 0
261 0
285 0
316 0
332 0
354 0
379 0
414 0
436 0
518 0
544 0
562 0
571 0
613 0
219 0
655 0
672 0
422 0
733 0
776 0
788 0
847 0
853 0
977 0
717 0
984 0
993 0
875 0
495 0
694 0
478 0
583 0
686 0
556 0
234 0
174 0
273 0
228 0
323 0
345 0
838 0
765 0
864 0
724 0
826 0
621 0
487 0
599 0
667 0
648 0
537 0
525 0
639 0
929 0
257 0
242 0
368 0
159 0
198 0
296 0
958 0
752 0
966 0
941 0
749 0
791 0
889 0
892 0
811 0
935 0
912 0
115 0
131 0
451 0
146 0
163 0
443 0
469 0
381 0
397 0
