c Sudoku solution
p cnf 729 0
133 0
238 0
267 0
271 0
315 0
326 0
359 0
392 0
435 0
443 0
464 0
476 0
557 0
613 0
622 0
646 0
675 0
687 0
723 0
762 0
797 0
832 0
916 0
536 0
927 0
825 0
847 0
417 0
337 0
177 0
948 0
951 0
658 0
452 0
963 0
253 0
985 0
972 0
582 0
994 0
939 0
574 0
593 0
634 0
731 0
891 0
481 0
699 0
498 0
429 0
661 0
528 0
511 0
121 0
224 0
341 0
368 0
384 0
373 0
883 0
786 0
289 0
188 0
119 0
212 0
142 0
245 0
154 0
166 0
195 0
296 0
744 0
755 0
856 0
869 0
718 0
814 0
779 0
878 0
549 0
565 0
