c Sudoku solution
p cnf 729 0
117 0
211 0
224 0
249 0
282 0
345 0
358 0
364 0
376 0
453 0
498 0
584 0
629 0
633 0
718 0
771 0
812 0
821 0
854 0
868 0
648 0
444 0
614 0
873 0
593 0
263 0
257 0
236 0
295 0
278 0
988 0
937 0
734 0
961 0
996 0
974 0
792 0
846 0
726 0
743 0
942 0
767 0
141 0
547 0
427 0
179 0
194 0
183 0
677 0
489 0
431 0
551 0
569 0
516 0
415 0
472 0
575 0
466 0
156 0
162 0
652 0
665 0
686 0
691 0
381 0
397 0
887 0
785 0
899 0
759 0
955 0
835 0
923 0
919 0
313 0
322 0
339 0
528 0
532 0
125 0
138 0
