c Sudoku solution
p cnf 729 0
117 0
143 0
172 0
199 0
228 0
251 0
293 0
332 0
366 0
375 0
422 0
438 0
525 0
564 0
571 0
641 0
411 0
745 0
758 0
869 0
892 0
916 0
712 0
818 0
215 0
933 0
835 0
962 0
761 0
853 0
846 0
131 0
267 0
242 0
239 0
126 0
981 0
995 0
978 0
821 0
929 0
391 0
387 0
188 0
154 0
359 0
165 0
348 0
944 0
957 0
668 0
463 0
884 0
877 0
796 0
286 0
274 0
494 0
447 0
549 0
513 0
619 0
314 0
323 0
582 0
598 0
697 0
556 0
652 0
455 0
489 0
685 0
673 0
476 0
537 0
636 0
624 0
727 0
734 0
779 0
783 0
