c Sudoku solution
p cnf 729 0
126 0
163 0
245 0
251 0
314 0
358 0
393 0
423 0
479 0
485 0
538 0
556 0
597 0
647 0
655 0
543 0
691 0
731 0
773 0
683 0
825 0
515 0
848 0
881 0
932 0
975 0
765 0
195 0
335 0
987 0
994 0
928 0
137 0
727 0
834 0
417 0
521 0
569 0
111 0
218 0
233 0
371 0
277 0
367 0
612 0
624 0
436 0
639 0
676 0
498 0
668 0
857 0
953 0
813 0
899 0
872 0
866 0
961 0
949 0
719 0
916 0
441 0
346 0
264 0
744 0
752 0
142 0
159 0
454 0
462 0
574 0
582 0
178 0
184 0
389 0
292 0
286 0
229 0
322 0
788 0
796 0
