c Sudoku solution
p cnf 729 0
259 0
268 0
282 0
355 0
361 0
383 0
464 0
499 0
525 0
549 0
612 0
638 0
629 0
647 0
695 0
445 0
731 0
744 0
154 0
167 0
773 0
593 0
826 0
834 0
514 0
857 0
885 0
892 0
935 0
765 0
978 0
848 0
871 0
941 0
994 0
684 0
676 0
651 0
581 0
488 0
558 0
663 0
953 0
869 0
813 0
217 0
115 0
179 0
275 0
374 0
186 0
224 0
121 0
198 0
291 0
397 0
411 0
316 0
233 0
132 0
328 0
339 0
143 0
342 0
246 0
919 0
718 0
789 0
423 0
987 0
796 0
752 0
966 0
727 0
922 0
456 0
562 0
472 0
577 0
437 0
536 0
