c Sudoku solution
p cnf 729 0
129 0
238 0
252 0
273 0
336 0
415 0
474 0
521 0
565 0
572 0
588 0
664 0
687 0
693 0
675 0
756 0
778 0
783 0
826 0
841 0
651 0
882 0
911 0
791 0
131 0
371 0
261 0
481 0
928 0
618 0
516 0
534 0
622 0
639 0
599 0
496 0
646 0
166 0
177 0
976 0
879 0
719 0
286 0
389 0
249 0
942 0
767 0
732 0
462 0
459 0
448 0
969 0
368 0
198 0
392 0
112 0
858 0
863 0
933 0
997 0
313 0
423 0
437 0
835 0
724 0
817 0
745 0
954 0
894 0
985 0
214 0
295 0
184 0
227 0
325 0
344 0
357 0
143 0
155 0
547 0
553 0
