c Sudoku solution
p cnf 729 0
163 0
235 0
256 0
267 0
311 0
355 0
364 0
396 0
518 0
524 0
577 0
582 0
622 0
639 0
654 0
688 0
761 0
793 0
816 0
879 0
898 0
919 0
923 0
952 0
865 0
832 0
772 0
462 0
666 0
569 0
536 0
126 0
968 0
342 0
971 0
821 0
431 0
333 0
378 0
476 0
175 0
274 0
283 0
212 0
192 0
673 0
413 0
181 0
299 0
387 0
241 0
228 0
329 0
738 0
551 0
543 0
595 0
691 0
853 0
884 0
847 0
759 0
645 0
448 0
457 0
425 0
617 0
715 0
934 0
727 0
744 0
946 0
786 0
114 0
137 0
149 0
158 0
489 0
494 0
985 0
997 0
