c Sudoku solution
p cnf 729 0
149 0
232 0
264 0
285 0
296 0
323 0
331 0
435 0
471 0
499 0
521 0
542 0
555 0
573 0
586 0
634 0
594 0
682 0
747 0
792 0
811 0
862 0
876 0
922 0
412 0
613 0
936 0
959 0
963 0
995 0
675 0
191 0
183 0
733 0
893 0
398 0
697 0
488 0
466 0
427 0
626 0
567 0
669 0
346 0
116 0
845 0
756 0
761 0
981 0
365 0
168 0
125 0
314 0
174 0
372 0
152 0
357 0
137 0
277 0
389 0
715 0
917 0
887 0
978 0
784 0
779 0
824 0
728 0
839 0
858 0
944 0
229 0
218 0
519 0
538 0
443 0
454 0
241 0
253 0
648 0
651 0
