c Sudoku solution
p cnf 729 0
116 0
137 0
158 0
191 0
277 0
329 0
373 0
395 0
422 0
451 0
478 0
535 0
597 0
618 0
666 0
674 0
721 0
749 0
753 0
794 0
819 0
865 0
932 0
948 0
568 0
961 0
975 0
715 0
999 0
623 0
417 0
692 0
125 0
228 0
296 0
388 0
738 0
898 0
493 0
543 0
552 0
163 0
233 0
913 0
883 0
871 0
842 0
767 0
987 0
827 0
144 0
284 0
445 0
464 0
647 0
659 0
685 0
631 0
514 0
526 0
439 0
486 0
334 0
924 0
836 0
854 0
956 0
241 0
255 0
269 0
362 0
212 0
311 0
346 0
357 0
579 0
581 0
776 0
782 0
172 0
189 0
