c Sudoku solution
p cnf 729 0
162 0
223 0
251 0
272 0
294 0
318 0
334 0
322 0
346 0
365 0
389 0
436 0
537 0
541 0
575 0
598 0
643 0
664 0
679 0
731 0
855 0
445 0
925 0
954 0
144 0
978 0
987 0
991 0
861 0
371 0
759 0
942 0
899 0
249 0
235 0
139 0
615 0
933 0
919 0
966 0
763 0
569 0
429 0
524 0
288 0
158 0
353 0
267 0
216 0
397 0
468 0
477 0
484 0
681 0
411 0
628 0
513 0
632 0
493 0
452 0
556 0
657 0
582 0
696 0
117 0
121 0
812 0
838 0
714 0
776 0
727 0
826 0
748 0
847 0
874 0
883 0
173 0
785 0
792 0
186 0
195 0
