c Sudoku solution
p cnf 729 0
161 0
177 0
266 0
289 0
294 0
324 0
343 0
355 0
388 0
458 0
531 0
549 0
567 0
619 0
623 0
642 0
695 0
664 0
799 0
479 0
845 0
465 0
553 0
874 0
887 0
497 0
483 0
584 0
441 0
656 0
637 0
681 0
678 0
317 0
918 0
898 0
528 0
515 0
768 0
934 0
414 0
975 0
185 0
786 0
982 0
946 0
138 0
144 0
248 0
257 0
747 0
754 0
927 0
839 0
129 0
152 0
369 0
851 0
959 0
862 0
963 0
826 0
813 0
773 0
991 0
116 0
332 0
193 0
272 0
712 0
721 0
735 0
211 0
225 0
233 0
422 0
436 0
371 0
396 0
576 0
592 0
