c Sudoku solution
p cnf 729 0
113 0
174 0
221 0
248 0
269 0
317 0
328 0
457 0
464 0
553 0
581 0
596 0
622 0
633 0
659 0
677 0
737 0
527 0
743 0
363 0
798 0
188 0
891 0
371 0
925 0
823 0
724 0
938 0
431 0
858 0
952 0
986 0
276 0
994 0
973 0
887 0
844 0
949 0
967 0
911 0
147 0
641 0
684 0
695 0
297 0
283 0
493 0
385 0
429 0
482 0
478 0
579 0
126 0
836 0
865 0
775 0
872 0
789 0
712 0
819 0
232 0
135 0
214 0
339 0
151 0
162 0
346 0
255 0
354 0
199 0
392 0
534 0
542 0
568 0
445 0
666 0
416 0
515 0
618 0
756 0
761 0
