c Sudoku solution
p cnf 729 0
133 0
154 0
257 0
296 0
341 0
352 0
368 0
422 0
431 0
458 0
483 0
527 0
584 0
613 0
667 0
691 0
721 0
746 0
166 0
762 0
778 0
794 0
753 0
812 0
232 0
859 0
881 0
938 0
848 0
947 0
973 0
823 0
393 0
986 0
992 0
789 0
836 0
864 0
285 0
387 0
117 0
211 0
171 0
182 0
198 0
228 0
274 0
379 0
145 0
129 0
715 0
737 0
518 0
688 0
924 0
919 0
243 0
269 0
563 0
551 0
656 0
465 0
576 0
672 0
595 0
477 0
499 0
416 0
634 0
625 0
539 0
444 0
542 0
649 0
314 0
335 0
326 0
955 0
961 0
875 0
897 0
