c Sudoku solution
p cnf 729 0
114 0
123 0
132 0
146 0
191 0
355 0
383 0
478 0
486 0
499 0
518 0
574 0
626 0
665 0
681 0
734 0
424 0
762 0
793 0
673 0
863 0
879 0
927 0
936 0
913 0
566 0
964 0
971 0
988 0
992 0
945 0
959 0
697 0
582 0
595 0
639 0
521 0
612 0
549 0
822 0
157 0
175 0
189 0
168 0
553 0
433 0
537 0
415 0
811 0
719 0
243 0
467 0
261 0
369 0
331 0
229 0
235 0
328 0
298 0
725 0
838 0
787 0
885 0
894 0
776 0
856 0
847 0
216 0
317 0
372 0
277 0
396 0
284 0
252 0
344 0
442 0
451 0
741 0
758 0
648 0
654 0
