c Sudoku solution
p cnf 729 0
183 0
241 0
276 0
331 0
346 0
354 0
362 0
414 0
447 0
529 0
533 0
544 0
561 0
582 0
671 0
421 0
191 0
737 0
772 0
292 0
788 0
794 0
174 0
684 0
811 0
751 0
981 0
825 0
873 0
918 0
934 0
864 0
224 0
953 0
643 0
493 0
263 0
967 0
858 0
766 0
745 0
723 0
719 0
313 0
148 0
238 0
327 0
215 0
139 0
157 0
165 0
259 0
287 0
628 0
468 0
669 0
577 0
598 0
555 0
516 0
617 0
112 0
126 0
922 0
836 0
842 0
949 0
996 0
975 0
479 0
378 0
486 0
695 0
435 0
632 0
452 0
656 0
385 0
399 0
889 0
897 0
