c Sudoku solution
p cnf 729 0
129 0
138 0
197 0
227 0
258 0
282 0
343 0
375 0
412 0
523 0
557 0
367 0
626 0
635 0
679 0
794 0
816 0
837 0
617 0
863 0
898 0
388 0
919 0
954 0
824 0
966 0
972 0
871 0
985 0
889 0
993 0
931 0
928 0
947 0
518 0
421 0
478 0
487 0
322 0
725 0
732 0
713 0
233 0
336 0
314 0
173 0
777 0
786 0
683 0
453 0
156 0
855 0
842 0
162 0
652 0
592 0
691 0
181 0
399 0
274 0
296 0
115 0
211 0
144 0
351 0
648 0
664 0
434 0
539 0
768 0
759 0
741 0
561 0
576 0
584 0
495 0
469 0
545 0
446 0
249 0
265 0
