c Sudoku solution
p cnf 729 0
133 0
142 0
155 0
268 0
275 0
347 0
398 0
486 0
499 0
513 0
532 0
554 0
617 0
626 0
638 0
529 0
671 0
818 0
128 0
894 0
684 0
915 0
948 0
458 0
952 0
961 0
541 0
566 0
467 0
662 0
472 0
693 0
443 0
659 0
645 0
983 0
373 0
174 0
169 0
253 0
351 0
364 0
246 0
196 0
111 0
187 0
414 0
744 0
849 0
997 0
876 0
979 0
778 0
857 0
756 0
936 0
924 0
831 0
316 0
421 0
435 0
234 0
227 0
325 0
212 0
339 0
291 0
289 0
382 0
719 0
737 0
577 0
595 0
588 0
781 0
885 0
792 0
723 0
822 0
765 0
863 0
