c Sudoku solution
p cnf 729 0
125 0
198 0
239 0
292 0
351 0
427 0
436 0
449 0
482 0
518 0
553 0
565 0
584 0
596 0
623 0
666 0
757 0
778 0
688 0
795 0
824 0
848 0
879 0
972 0
994 0
529 0
699 0
886 0
933 0
928 0
338 0
955 0
852 0
654 0
458 0
461 0
493 0
475 0
414 0
134 0
837 0
815 0
987 0
635 0
256 0
159 0
268 0
389 0
221 0
863 0
783 0
891 0
969 0
764 0
719 0
285 0
345 0
244 0
143 0
374 0
176 0
181 0
273 0
397 0
217 0
313 0
326 0
112 0
167 0
362 0
611 0
532 0
571 0
677 0
547 0
642 0
916 0
731 0
722 0
746 0
941 0
