c Sudoku solution
p cnf 729 0
177 0
186 0
268 0
295 0
314 0
342 0
356 0
421 0
455 0
494 0
517 0
558 0
575 0
583 0
613 0
666 0
671 0
761 0
541 0
828 0
837 0
893 0
916 0
924 0
953 0
965 0
145 0
978 0
748 0
846 0
987 0
757 0
949 0
697 0
644 0
534 0
991 0
811 0
932 0
885 0
879 0
715 0
373 0
339 0
325 0
227 0
236 0
131 0
123 0
118 0
212 0
251 0
192 0
274 0
243 0
367 0
289 0
381 0
398 0
419 0
729 0
733 0
622 0
526 0
635 0
438 0
476 0
482 0
599 0
688 0
562 0
659 0
447 0
463 0
852 0
864 0
154 0
169 0
772 0
784 0
796 0
