c Sudoku solution
p cnf 729 0
114 0
165 0
223 0
232 0
244 0
278 0
289 0
327 0
342 0
358 0
436 0
472 0
513 0
524 0
549 0
667 0
694 0
799 0
679 0
812 0
622 0
821 0
833 0
854 0
869 0
464 0
159 0
888 0
929 0
419 0
537 0
339 0
946 0
983 0
493 0
487 0
598 0
451 0
448 0
425 0
728 0
716 0
917 0
968 0
126 0
138 0
618 0
631 0
761 0
141 0
266 0
363 0
257 0
182 0
197 0
173 0
396 0
562 0
784 0
992 0
971 0
777 0
752 0
955 0
743 0
847 0
735 0
934 0
645 0
653 0
556 0
686 0
575 0
581 0
374 0
876 0
895 0
385 0
291 0
215 0
311 0
