c Sudoku solution
p cnf 729 0
157 0
182 0
268 0
283 0
291 0
429 0
431 0
458 0
536 0
615 0
649 0
653 0
677 0
688 0
661 0
696 0
721 0
789 0
837 0
866 0
446 0
878 0
881 0
571 0
599 0
922 0
624 0
632 0
935 0
823 0
513 0
417 0
528 0
227 0
947 0
951 0
748 0
797 0
734 0
716 0
819 0
918 0
969 0
763 0
239 0
567 0
359 0
256 0
179 0
126 0
325 0
387 0
376 0
986 0
994 0
973 0
493 0
472 0
362 0
212 0
775 0
892 0
752 0
542 0
274 0
398 0
195 0
164 0
245 0
111 0
314 0
143 0
341 0
138 0
333 0
844 0
855 0
554 0
465 0
484 0
585 0
