c Sudoku solution
p cnf 729 0
132 0
167 0
221 0
283 0
338 0
366 0
394 0
434 0
486 0
492 0
513 0
558 0
562 0
597 0
645 0
656 0
673 0
744 0
664 0
765 0
872 0
382 0
887 0
918 0
931 0
947 0
846 0
868 0
242 0
457 0
148 0
269 0
461 0
549 0
443 0
611 0
622 0
637 0
428 0
419 0
475 0
712 0
952 0
727 0
341 0
963 0
379 0
277 0
298 0
129 0
323 0
153 0
355 0
254 0
114 0
317 0
815 0
824 0
216 0
235 0
525 0
536 0
926 0
778 0
796 0
893 0
781 0
759 0
851 0
733 0
839 0
176 0
571 0
584 0
974 0
185 0
191 0
989 0
995 0
688 0
699 0
