c Sudoku solution
p cnf 729 0
116 0
121 0
248 0
269 0
355 0
449 0
477 0
533 0
581 0
596 0
614 0
641 0
683 0
695 0
723 0
751 0
361 0
792 0
822 0
835 0
868 0
891 0
271 0
924 0
942 0
957 0
859 0
817 0
787 0
975 0
185 0
993 0
843 0
966 0
736 0
346 0
286 0
876 0
884 0
399 0
139 0
989 0
778 0
719 0
198 0
297 0
382 0
225 0
488 0
494 0
426 0
656 0
558 0
174 0
373 0
147 0
254 0
213 0
232 0
318 0
334 0
327 0
911 0
938 0
431 0
529 0
572 0
679 0
515 0
412 0
453 0
465 0
662 0
628 0
637 0
745 0
764 0
544 0
567 0
152 0
163 0
