c Sudoku solution
p cnf 729 0
229 0
241 0
257 0
264 0
314 0
327 0
331 0
348 0
399 0
542 0
567 0
625 0
659 0
672 0
683 0
697 0
736 0
763 0
784 0
835 0
852 0
911 0
661 0
751 0
923 0
945 0
976 0
987 0
437 0
177 0
194 0
181 0
616 0
644 0
638 0
126 0
118 0
215 0
954 0
824 0
728 0
422 0
521 0
534 0
474 0
491 0
712 0
939 0
817 0
795 0
992 0
779 0
888 0
747 0
968 0
871 0
893 0
458 0
373 0
278 0
385 0
282 0
296 0
233 0
132 0
362 0
356 0
575 0
598 0
465 0
553 0
446 0
413 0
519 0
489 0
586 0
143 0
155 0
169 0
849 0
866 0
