c Sudoku solution
p cnf 729 0
125 0
157 0
176 0
246 0
289 0
291 0
313 0
361 0
375 0
387 0
419 0
447 0
486 0
532 0
563 0
618 0
636 0
556 0
326 0
717 0
237 0
729 0
758 0
792 0
766 0
852 0
342 0
897 0
996 0
816 0
967 0
955 0
515 0
645 0
495 0
253 0
265 0
971 0
879 0
864 0
949 0
111 0
182 0
193 0
599 0
694 0
398 0
274 0
212 0
228 0
914 0
922 0
773 0
988 0
784 0
885 0
741 0
843 0
735 0
821 0
838 0
933 0
431 0
454 0
423 0
627 0
524 0
577 0
548 0
651 0
462 0
669 0
478 0
672 0
683 0
581 0
144 0
359 0
168 0
139 0
334 0
