c Sudoku solution
p cnf 729 0
146 0
154 0
185 0
224 0
315 0
368 0
458 0
461 0
473 0
533 0
555 0
598 0
611 0
662 0
695 0
717 0
835 0
425 0
844 0
564 0
656 0
643 0
883 0
896 0
928 0
878 0
748 0
638 0
118 0
288 0
932 0
819 0
821 0
852 0
867 0
965 0
766 0
775 0
723 0
953 0
734 0
916 0
213 0
414 0
512 0
245 0
342 0
269 0
163 0
393 0
122 0
941 0
759 0
272 0
236 0
526 0
486 0
492 0
376 0
384 0
782 0
791 0
581 0
171 0
297 0
199 0
331 0
137 0
329 0
251 0
357 0
627 0
439 0
447 0
549 0
577 0
689 0
674 0
979 0
987 0
994 0
