c Sudoku solution
p cnf 729 0
112 0
135 0
194 0
244 0
256 0
282 0
328 0
383 0
399 0
425 0
467 0
517 0
536 0
543 0
552 0
561 0
632 0
648 0
689 0
529 0
739 0
219 0
762 0
342 0
365 0
655 0
773 0
822 0
931 0
957 0
147 0
351 0
974 0
992 0
879 0
472 0
584 0
888 0
438 0
787 0
837 0
227 0
121 0
233 0
316 0
334 0
268 0
377 0
758 0
918 0
697 0
493 0
481 0
676 0
414 0
611 0
623 0
459 0
664 0
446 0
813 0
926 0
715 0
724 0
854 0
866 0
963 0
741 0
845 0
949 0
796 0
891 0
985 0
153 0
169 0
271 0
295 0
575 0
598 0
178 0
186 0
