c Sudoku solution
p cnf 729 0
179 0
184 0
191 0
218 0
226 0
259 0
273 0
287 0
398 0
429 0
468 0
515 0
554 0
614 0
647 0
653 0
665 0
724 0
777 0
832 0
863 0
888 0
894 0
474 0
941 0
964 0
992 0
295 0
485 0
244 0
262 0
231 0
334 0
319 0
849 0
569 0
451 0
361 0
752 0
766 0
167 0
327 0
343 0
355 0
745 0
857 0
958 0
738 0
939 0
917 0
816 0
711 0
825 0
923 0
871 0
975 0
986 0
122 0
113 0
135 0
412 0
446 0
542 0
636 0
699 0
148 0
156 0
382 0
376 0
672 0
681 0
578 0
521 0
628 0
583 0
497 0
596 0
433 0
537 0
789 0
793 0
