c Sudoku solution
p cnf 729 0
179 0
186 0
237 0
253 0
261 0
358 0
369 0
382 0
391 0
425 0
527 0
532 0
548 0
563 0
626 0
633 0
652 0
664 0
695 0
555 0
798 0
294 0
813 0
821 0
875 0
278 0
285 0
943 0
951 0
968 0
838 0
128 0
323 0
193 0
377 0
671 0
511 0
441 0
131 0
781 0
773 0
483 0
688 0
497 0
472 0
466 0
459 0
647 0
418 0
434 0
619 0
229 0
749 0
765 0
736 0
939 0
915 0
717 0
722 0
924 0
754 0
884 0
976 0
987 0
899 0
992 0
335 0
145 0
344 0
157 0
246 0
162 0
114 0
212 0
316 0
842 0
867 0
856 0
574 0
589 0
596 0
