c Sudoku solution
p cnf 729 0
241 0
269 0
276 0
282 0
326 0
367 0
385 0
399 0
431 0
529 0
548 0
564 0
592 0
673 0
684 0
696 0
738 0
791 0
819 0
139 0
836 0
863 0
975 0
495 0
988 0
786 0
993 0
887 0
894 0
872 0
779 0
845 0
762 0
821 0
858 0
168 0
466 0
516 0
665 0
535 0
553 0
651 0
649 0
959 0
961 0
946 0
156 0
255 0
489 0
478 0
298 0
318 0
111 0
125 0
332 0
371 0
142 0
354 0
343 0
715 0
723 0
628 0
413 0
424 0
233 0
922 0
612 0
637 0
227 0
214 0
917 0
934 0
447 0
452 0
744 0
757 0
577 0
581 0
174 0
183 0
197 0
