c Sudoku solution
p cnf 729 0
125 0
138 0
144 0
163 0
224 0
285 0
368 0
466 0
499 0
519 0
545 0
355 0
554 0
573 0
614 0
637 0
652 0
675 0
727 0
746 0
791 0
862 0
884 0
474 0
394 0
915 0
765 0
964 0
734 0
895 0
435 0
931 0
958 0
989 0
759 0
179 0
342 0
371 0
329 0
839 0
532 0
482 0
922 0
772 0
713 0
788 0
993 0
947 0
877 0
976 0
457 0
561 0
669 0
681 0
421 0
418 0
623 0
526 0
443 0
648 0
696 0
816 0
828 0
317 0
841 0
853 0
249 0
267 0
278 0
383 0
292 0
112 0
211 0
151 0
256 0
233 0
336 0
186 0
197 0
587 0
598 0
