c Sudoku solution
p cnf 729 0
126 0
178 0
195 0
211 0
246 0
264 0
289 0
319 0
337 0
365 0
382 0
415 0
457 0
569 0
572 0
638 0
731 0
758 0
228 0
235 0
252 0
348 0
468 0
796 0
376 0
825 0
879 0
888 0
918 0
598 0
892 0
947 0
817 0
167 0
984 0
394 0
181 0
351 0
323 0
762 0
486 0
143 0
159 0
749 0
955 0
724 0
713 0
836 0
966 0
661 0
521 0
627 0
587 0
545 0
699 0
841 0
863 0
854 0
683 0
491 0
474 0
675 0
433 0
534 0
516 0
612 0
429 0
442 0
644 0
553 0
656 0
114 0
132 0
922 0
939 0
971 0
993 0
273 0
297 0
777 0
785 0
