c Sudoku solution
p cnf 729 0
131 0
142 0
177 0
233 0
246 0
281 0
298 0
317 0
372 0
455 0
482 0
514 0
522 0
212 0
541 0
568 0
635 0
662 0
671 0
764 0
795 0
816 0
824 0
334 0
839 0
861 0
991 0
892 0
845 0
351 0
878 0
688 0
923 0
915 0
949 0
857 0
966 0
883 0
974 0
987 0
267 0
254 0
184 0
229 0
118 0
348 0
275 0
711 0
421 0
438 0
728 0
737 0
932 0
752 0
958 0
743 0
627 0
536 0
656 0
597 0
447 0
644 0
494 0
476 0
573 0
699 0
585 0
559 0
463 0
419 0
613 0
153 0
393 0
779 0
786 0
389 0
196 0
125 0
326 0
169 0
365 0
