c Sudoku solution
p cnf 729 0
222 0
238 0
257 0
281 0
317 0
334 0
346 0
431 0
489 0
529 0
541 0
564 0
588 0
615 0
673 0
691 0
744 0
154 0
751 0
775 0
813 0
869 0
947 0
963 0
265 0
976 0
871 0
999 0
516 0
219 0
111 0
361 0
296 0
274 0
243 0
921 0
739 0
686 0
494 0
595 0
624 0
914 0
982 0
935 0
958 0
884 0
392 0
359 0
179 0
378 0
649 0
652 0
553 0
423 0
418 0
472 0
577 0
467 0
456 0
445 0
668 0
532 0
637 0
712 0
766 0
325 0
133 0
126 0
383 0
836 0
842 0
855 0
148 0
162 0
787 0
793 0
898 0
728 0
827 0
185 0
197 0
