c Sudoku solution
p cnf 729 0
115 0
152 0
243 0
257 0
264 0
327 0
334 0
389 0
468 0
491 0
532 0
547 0
553 0
584 0
638 0
642 0
655 0
673 0
696 0
687 0
726 0
751 0
863 0
888 0
917 0
767 0
962 0
437 0
365 0
933 0
971 0
999 0
341 0
875 0
986 0
897 0
735 0
945 0
177 0
194 0
774 0
822 0
212 0
356 0
169 0
148 0
136 0
276 0
749 0
958 0
718 0
924 0
313 0
121 0
239 0
228 0
183 0
281 0
295 0
423 0
525 0
485 0
472 0
598 0
579 0
629 0
614 0
511 0
416 0
566 0
661 0
819 0
831 0
846 0
854 0
444 0
459 0
378 0
392 0
782 0
793 0
