c Sudoku solution
p cnf 729 0
158 0
162 0
245 0
321 0
359 0
376 0
432 0
444 0
475 0
539 0
542 0
556 0
584 0
614 0
686 0
691 0
672 0
733 0
829 0
843 0
347 0
885 0
896 0
916 0
426 0
938 0
831 0
941 0
146 0
236 0
766 0
957 0
994 0
724 0
283 0
363 0
334 0
174 0
181 0
771 0
973 0
279 0
119 0
123 0
653 0
451 0
511 0
413 0
593 0
254 0
261 0
852 0
755 0
864 0
969 0
748 0
925 0
878 0
817 0
712 0
982 0
222 0
315 0
137 0
218 0
195 0
297 0
565 0
635 0
649 0
577 0
467 0
668 0
528 0
627 0
388 0
392 0
787 0
799 0
489 0
498 0
