c Sudoku solution
p cnf 729 0
112 0
168 0
245 0
273 0
299 0
336 0
342 0
282 0
353 0
367 0
441 0
458 0
477 0
493 0
525 0
554 0
611 0
674 0
716 0
737 0
751 0
256 0
261 0
144 0
159 0
831 0
843 0
896 0
935 0
315 0
133 0
329 0
121 0
966 0
988 0
783 0
748 0
722 0
775 0
794 0
864 0
769 0
855 0
952 0
947 0
872 0
828 0
819 0
887 0
991 0
979 0
414 0
426 0
913 0
924 0
623 0
517 0
563 0
218 0
227 0
234 0
657 0
176 0
384 0
581 0
578 0
686 0
592 0
695 0
489 0
465 0
662 0
432 0
546 0
649 0
539 0
638 0
371 0
398 0
185 0
197 0
