c Sudoku solution
p cnf 729 0
159 0
228 0
285 0
342 0
365 0
379 0
396 0
412 0
544 0
567 0
571 0
599 0
623 0
634 0
655 0
677 0
773 0
786 0
476 0
495 0
484 0
583 0
552 0
833 0
854 0
915 0
745 0
875 0
939 0
769 0
889 0
429 0
437 0
611 0
219 0
331 0
649 0
666 0
981 0
992 0
862 0
698 0
682 0
897 0
794 0
978 0
924 0
963 0
327 0
314 0
113 0
293 0
191 0
353 0
388 0
187 0
717 0
443 0
947 0
956 0
257 0
146 0
241 0
264 0
168 0
174 0
272 0
236 0
848 0
751 0
722 0
821 0
738 0
816 0
518 0
526 0
535 0
125 0
132 0
458 0
461 0
