c Sudoku solution
p cnf 729 0
163 0
213 0
236 0
247 0
288 0
294 0
315 0
359 0
372 0
546 0
562 0
581 0
593 0
383 0
635 0
641 0
682 0
699 0
734 0
825 0
832 0
896 0
366 0
929 0
279 0
931 0
723 0
433 0
653 0
956 0
716 0
964 0
975 0
873 0
884 0
987 0
789 0
943 0
992 0
918 0
817 0
614 0
519 0
139 0
555 0
574 0
265 0
745 0
752 0
767 0
142 0
251 0
111 0
222 0
391 0
412 0
421 0
626 0
858 0
861 0
849 0
469 0
457 0
444 0
668 0
677 0
348 0
154 0
324 0
128 0
337 0
527 0
538 0
771 0
798 0
176 0
478 0
486 0
495 0
185 0
197 0
