c Sudoku solution
p cnf 729 0
213 0
232 0
245 0
254 0
325 0
343 0
361 0
387 0
494 0
514 0
539 0
566 0
595 0
622 0
633 0
655 0
664 0
677 0
689 0
785 0
175 0
817 0
848 0
641 0
851 0
928 0
956 0
146 0
999 0
797 0
778 0
193 0
291 0
892 0
398 0
286 0
279 0
268 0
227 0
521 0
426 0
618 0
437 0
415 0
696 0
138 0
111 0
912 0
731 0
716 0
319 0
336 0
124 0
182 0
374 0
352 0
744 0
947 0
542 0
449 0
557 0
573 0
588 0
762 0
159 0
167 0
458 0
463 0
753 0
965 0
869 0
729 0
823 0
835 0
934 0
472 0
481 0
971 0
983 0
876 0
884 0
