c Sudoku solution
p cnf 729 0
149 0
194 0
257 0
278 0
312 0
328 0
371 0
393 0
416 0
427 0
523 0
572 0
591 0
622 0
631 0
659 0
686 0
729 0
745 0
818 0
842 0
853 0
864 0
969 0
897 0
947 0
951 0
988 0
365 0
836 0
356 0
344 0
546 0
758 0
766 0
792 0
932 0
152 0
168 0
462 0
441 0
243 0
261 0
648 0
663 0
567 0
677 0
538 0
498 0
695 0
614 0
435 0
519 0
454 0
555 0
584 0
215 0
913 0
133 0
282 0
996 0
176 0
185 0
299 0
387 0
121 0
117 0
226 0
234 0
339 0
711 0
825 0
924 0
737 0
783 0
881 0
774 0
975 0
879 0
473 0
489 0
