c Sudoku solution
p cnf 729 0
161 0
232 0
258 0
287 0
326 0
364 0
383 0
398 0
448 0
471 0
291 0
524 0
535 0
577 0
617 0
622 0
631 0
518 0
311 0
646 0
674 0
688 0
454 0
467 0
214 0
693 0
781 0
859 0
655 0
669 0
892 0
482 0
495 0
913 0
712 0
966 0
156 0
276 0
562 0
119 0
337 0
147 0
352 0
172 0
194 0
185 0
379 0
225 0
263 0
249 0
345 0
815 0
416 0
942 0
765 0
868 0
873 0
827 0
921 0
841 0
957 0
744 0
753 0
797 0
886 0
736 0
834 0
543 0
551 0
975 0
778 0
729 0
938 0
128 0
133 0
423 0
439 0
984 0
999 0
589 0
596 0
