c Sudoku solution
p cnf 729 0
135 0
221 0
237 0
255 0
263 0
299 0
328 0
341 0
383 0
434 0
461 0
482 0
532 0
589 0
595 0
375 0
643 0
658 0
662 0
445 0
459 0
676 0
747 0
822 0
864 0
873 0
493 0
969 0
765 0
779 0
149 0
629 0
615 0
631 0
571 0
478 0
518 0
523 0
885 0
925 0
113 0
427 0
416 0
168 0
288 0
246 0
367 0
942 0
848 0
792 0
544 0
557 0
566 0
738 0
933 0
753 0
998 0
152 0
354 0
272 0
214 0
312 0
126 0
339 0
396 0
711 0
917 0
724 0
836 0
819 0
786 0
851 0
956 0
897 0
981 0
974 0
177 0
184 0
191 0
687 0
694 0
