c Sudoku solution
p cnf 729 0
147 0
151 0
188 0
225 0
283 0
317 0
329 0
368 0
381 0
455 0
513 0
526 0
567 0
578 0
614 0
652 0
685 0
535 0
795 0
811 0
915 0
231 0
218 0
845 0
165 0
375 0
854 0
559 0
256 0
353 0
893 0
998 0
957 0
758 0
934 0
124 0
133 0
941 0
771 0
784 0
544 0
591 0
582 0
342 0
249 0
264 0
394 0
336 0
112 0
419 0
716 0
743 0
923 0
474 0
673 0
699 0
463 0
661 0
421 0
432 0
448 0
646 0
292 0
277 0
887 0
486 0
497 0
989 0
179 0
196 0
962 0
769 0
866 0
722 0
828 0
737 0
839 0
872 0
976 0
627 0
638 0
