c Sudoku solution
p cnf 729 0
133 0
146 0
212 0
329 0
425 0
463 0
499 0
519 0
544 0
585 0
597 0
614 0
628 0
523 0
656 0
665 0
649 0
637 0
683 0
731 0
411 0
782 0
817 0
843 0
895 0
915 0
713 0
118 0
316 0
924 0
726 0
822 0
962 0
866 0
991 0
973 0
986 0
777 0
851 0
561 0
692 0
671 0
194 0
798 0
745 0
838 0
939 0
296 0
393 0
253 0
169 0
759 0
764 0
354 0
155 0
342 0
241 0
172 0
227 0
121 0
187 0
381 0
234 0
335 0
275 0
378 0
289 0
268 0
367 0
576 0
474 0
488 0
436 0
532 0
452 0
558 0
447 0
948 0
957 0
879 0
884 0
