c Sudoku solution
p cnf 729 0
141 0
219 0
223 0
288 0
314 0
348 0
365 0
391 0
231 0
434 0
479 0
517 0
572 0
596 0
622 0
659 0
169 0
389 0
751 0
776 0
186 0
811 0
833 0
882 0
894 0
929 0
724 0
849 0
799 0
539 0
935 0
964 0
997 0
332 0
326 0
916 0
712 0
636 0
357 0
153 0
192 0
295 0
373 0
174 0
277 0
468 0
493 0
698 0
415 0
613 0
421 0
528 0
487 0
118 0
125 0
137 0
827 0
738 0
262 0
866 0
244 0
256 0
554 0
684 0
446 0
452 0
942 0
958 0
855 0
785 0
983 0
971 0
878 0
675 0
581 0
563 0
661 0
545 0
647 0
743 0
767 0
