c Sudoku solution
p cnf 729 0
121 0
168 0
194 0
214 0
278 0
296 0
343 0
364 0
411 0
436 0
447 0
473 0
499 0
513 0
532 0
585 0
662 0
465 0
653 0
482 0
751 0
767 0
815 0
839 0
931 0
842 0
863 0
871 0
944 0
986 0
969 0
566 0
261 0
676 0
428 0
454 0
159 0
245 0
146 0
955 0
748 0
856 0
918 0
338 0
558 0
183 0
617 0
112 0
252 0
357 0
716 0
319 0
326 0
135 0
177 0
289 0
381 0
625 0
634 0
529 0
574 0
597 0
541 0
649 0
733 0
993 0
223 0
237 0
972 0
795 0
779 0
784 0
722 0
927 0
824 0
375 0
392 0
688 0
691 0
887 0
898 0
