c Sudoku solution
p cnf 729 0
124 0
198 0
266 0
312 0
337 0
348 0
354 0
376 0
393 0
417 0
438 0
441 0
472 0
486 0
547 0
583 0
639 0
653 0
423 0
725 0
843 0
163 0
871 0
882 0
292 0
895 0
913 0
773 0
233 0
952 0
732 0
142 0
961 0
945 0
711 0
249 0
365 0
455 0
494 0
469 0
834 0
936 0
856 0
744 0
759 0
796 0
116 0
329 0
381 0
819 0
218 0
135 0
221 0
151 0
257 0
531 0
599 0
646 0
558 0
526 0
622 0
562 0
664 0
514 0
615 0
575 0
274 0
285 0
984 0
691 0
189 0
177 0
678 0
687 0
979 0
788 0
997 0
767 0
868 0
827 0
928 0
