c Sudoku solution
p cnf 729 0
277 0
283 0
291 0
325 0
334 0
341 0
398 0
475 0
522 0
531 0
549 0
564 0
624 0
656 0
697 0
745 0
758 0
867 0
889 0
929 0
769 0
938 0
878 0
951 0
992 0
357 0
447 0
517 0
555 0
588 0
987 0
895 0
915 0
635 0
265 0
185 0
379 0
499 0
484 0
461 0
452 0
619 0
842 0
713 0
732 0
836 0
814 0
821 0
727 0
973 0
853 0
966 0
944 0
111 0
363 0
162 0
382 0
316 0
228 0
212 0
239 0
148 0
246 0
159 0
254 0
418 0
426 0
433 0
123 0
137 0
643 0
668 0
672 0
681 0
771 0
786 0
794 0
576 0
593 0
174 0
196 0
