c Sudoku solution
p cnf 729 0
132 0
151 0
169 0
183 0
218 0
281 0
331 0
348 0
399 0
461 0
487 0
496 0
534 0
588 0
591 0
646 0
657 0
672 0
775 0
819 0
852 0
884 0
898 0
178 0
914 0
968 0
458 0
979 0
871 0
573 0
474 0
695 0
689 0
664 0
443 0
385 0
292 0
194 0
362 0
542 0
565 0
559 0
749 0
941 0
754 0
244 0
324 0
229 0
439 0
721 0
738 0
611 0
628 0
633 0
313 0
356 0
377 0
276 0
922 0
823 0
782 0
986 0
412 0
425 0
115 0
237 0
126 0
147 0
255 0
263 0
527 0
516 0
717 0
836 0
935 0
766 0
953 0
845 0
867 0
793 0
997 0
