c Sudoku solution
p cnf 729 0
135 0
188 0
279 0
283 0
291 0
329 0
354 0
437 0
545 0
564 0
598 0
619 0
625 0
682 0
724 0
752 0
765 0
255 0
822 0
866 0
871 0
923 0
948 0
844 0
778 0
969 0
994 0
972 0
484 0
581 0
499 0
475 0
634 0
559 0
526 0
577 0
214 0
149 0
673 0
696 0
174 0
376 0
421 0
418 0
838 0
739 0
889 0
127 0
228 0
192 0
368 0
658 0
647 0
661 0
267 0
163 0
462 0
815 0
985 0
786 0
387 0
395 0
116 0
232 0
151 0
342 0
246 0
512 0
533 0
313 0
331 0
936 0
741 0
957 0
853 0
717 0
911 0
793 0
897 0
443 0
456 0
