c Sudoku solution
p cnf 729 0
162 0
222 0
258 0
284 0
361 0
385 0
466 0
481 0
517 0
533 0
554 0
586 0
611 0
541 0
657 0
679 0
693 0
718 0
747 0
267 0
799 0
189 0
814 0
896 0
291 0
915 0
412 0
642 0
688 0
665 0
959 0
453 0
356 0
155 0
235 0
845 0
775 0
764 0
946 0
448 0
569 0
528 0
425 0
439 0
829 0
572 0
595 0
392 0
974 0
871 0
998 0
852 0
751 0
837 0
883 0
782 0
987 0
736 0
932 0
921 0
723 0
868 0
963 0
131 0
338 0
634 0
626 0
477 0
494 0
373 0
276 0
178 0
197 0
116 0
143 0
249 0
344 0
124 0
327 0
213 0
319 0
