c Sudoku solution
p cnf 729 0
158 0
193 0
211 0
282 0
295 0
346 0
359 0
388 0
394 0
433 0
462 0
142 0
522 0
548 0
569 0
629 0
657 0
731 0
421 0
799 0
837 0
853 0
254 0
896 0
913 0
968 0
984 0
881 0
864 0
747 0
243 0
267 0
323 0
127 0
377 0
171 0
165 0
361 0
724 0
663 0
766 0
997 0
692 0
591 0
641 0
444 0
951 0
752 0
718 0
825 0
926 0
878 0
972 0
812 0
939 0
849 0
945 0
315 0
332 0
638 0
535 0
556 0
455 0
685 0
119 0
134 0
186 0
279 0
228 0
236 0
775 0
783 0
573 0
587 0
674 0
498 0
417 0
616 0
514 0
476 0
489 0
