c Sudoku solution
p cnf 729 0
114 0
128 0
159 0
173 0
213 0
237 0
262 0
296 0
388 0
423 0
466 0
492 0
518 0
542 0
555 0
626 0
635 0
612 0
653 0
667 0
774 0
783 0
593 0
815 0
857 0
868 0
929 0
944 0
995 0
899 0
961 0
843 0
933 0
738 0
978 0
363 0
165 0
745 0
769 0
564 0
434 0
824 0
698 0
684 0
394 0
254 0
248 0
458 0
351 0
679 0
539 0
449 0
641 0
319 0
289 0
485 0
275 0
221 0
325 0
527 0
411 0
477 0
831 0
722 0
791 0
987 0
756 0
952 0
717 0
916 0
571 0
586 0
876 0
882 0
372 0
132 0
336 0
146 0
347 0
181 0
197 0
