c Sudoku solution
p cnf 729 0
134 0
148 0
167 0
193 0
211 0
286 0
329 0
378 0
418 0
436 0
492 0
551 0
583 0
625 0
649 0
691 0
421 0
766 0
775 0
784 0
816 0
126 0
855 0
914 0
935 0
524 0
961 0
731 0
341 0
356 0
546 0
676 0
474 0
489 0
595 0
688 0
577 0
568 0
996 0
115 0
385 0
973 0
959 0
758 0
898 0
928 0
238 0
152 0
181 0
179 0
272 0
662 0
654 0
457 0
253 0
364 0
245 0
269 0
227 0
294 0
397 0
844 0
443 0
465 0
863 0
822 0
723 0
742 0
947 0
982 0
871 0
887 0
799 0
717 0
839 0
613 0
637 0
312 0
333 0
519 0
532 0
