c Sudoku solution
p cnf 729 0
124 0
213 0
242 0
265 0
339 0
343 0
364 0
392 0
422 0
436 0
487 0
545 0
558 0
615 0
623 0
741 0
768 0
148 0
777 0
786 0
847 0
853 0
879 0
898 0
935 0
733 0
729 0
885 0
794 0
712 0
755 0
862 0
132 0
325 0
652 0
956 0
944 0
969 0
449 0
519 0
646 0
454 0
814 0
831 0
826 0
166 0
316 0
357 0
371 0
388 0
175 0
495 0
521 0
418 0
461 0
667 0
563 0
473 0
678 0
596 0
537 0
634 0
111 0
159 0
251 0
197 0
183 0
917 0
928 0
227 0
238 0
972 0
574 0
582 0
276 0
284 0
299 0
981 0
993 0
689 0
691 0
