c Sudoku solution
p cnf 729 0
191 0
211 0
255 0
288 0
329 0
341 0
377 0
394 0
427 0
458 0
554 0
569 0
623 0
674 0
687 0
547 0
699 0
739 0
419 0
434 0
753 0
766 0
831 0
521 0
868 0
148 0
922 0
728 0
964 0
951 0
857 0
244 0
159 0
356 0
279 0
226 0
443 0
646 0
652 0
661 0
465 0
996 0
797 0
978 0
816 0
536 0
512 0
598 0
895 0
824 0
715 0
784 0
771 0
742 0
849 0
945 0
989 0
114 0
125 0
385 0
618 0
635 0
917 0
933 0
313 0
338 0
362 0
481 0
575 0
583 0
882 0
873 0
293 0
163 0
267 0
137 0
232 0
186 0
172 0
476 0
492 0
