c Sudoku solution
p cnf 729 0
135 0
144 0
257 0
288 0
331 0
368 0
376 0
399 0
441 0
482 0
533 0
586 0
638 0
649 0
681 0
713 0
727 0
437 0
764 0
795 0
789 0
385 0
317 0
324 0
818 0
128 0
223 0
853 0
343 0
352 0
869 0
159 0
934 0
239 0
884 0
947 0
983 0
187 0
998 0
896 0
877 0
821 0
845 0
832 0
736 0
511 0
246 0
265 0
161 0
116 0
212 0
291 0
274 0
192 0
173 0
675 0
614 0
656 0
463 0
693 0
597 0
494 0
554 0
455 0
548 0
419 0
426 0
525 0
622 0
478 0
579 0
562 0
667 0
915 0
929 0
742 0
966 0
951 0
758 0
771 0
972 0
