c Sudoku solution
p cnf 729 0
191 0
212 0
228 0
236 0
264 0
313 0
359 0
375 0
382 0
478 0
524 0
538 0
543 0
597 0
619 0
658 0
672 0
686 0
726 0
741 0
251 0
245 0
787 0
277 0
874 0
895 0
939 0
129 0
944 0
647 0
454 0
694 0
184 0
398 0
176 0
334 0
321 0
367 0
346 0
714 0
996 0
792 0
768 0
779 0
148 0
973 0
571 0
842 0
965 0
753 0
957 0
856 0
869 0
735 0
922 0
432 0
449 0
493 0
485 0
589 0
427 0
625 0
633 0
411 0
516 0
466 0
661 0
918 0
831 0
823 0
817 0
888 0
981 0
115 0
137 0
152 0
163 0
555 0
562 0
283 0
299 0
