c Sudoku solution
p cnf 729 0
165 0
247 0
252 0
271 0
293 0
348 0
361 0
431 0
466 0
517 0
523 0
555 0
579 0
586 0
651 0
591 0
675 0
682 0
738 0
568 0
762 0
825 0
415 0
864 0
269 0
883 0
473 0
927 0
963 0
713 0
667 0
643 0
945 0
958 0
994 0
724 0
121 0
698 0
484 0
497 0
459 0
544 0
442 0
532 0
428 0
322 0
226 0
629 0
146 0
878 0
857 0
756 0
777 0
214 0
235 0
319 0
118 0
288 0
616 0
634 0
981 0
741 0
849 0
811 0
912 0
892 0
976 0
836 0
939 0
172 0
199 0
374 0
396 0
385 0
187 0
154 0
353 0
133 0
337 0
789 0
795 0
