c Sudoku solution
p cnf 729 0
111 0
214 0
257 0
263 0
291 0
374 0
385 0
396 0
459 0
544 0
558 0
567 0
576 0
624 0
662 0
695 0
713 0
775 0
826 0
831 0
869 0
884 0
494 0
929 0
945 0
815 0
465 0
155 0
164 0
988 0
786 0
971 0
799 0
848 0
747 0
761 0
966 0
368 0
656 0
416 0
618 0
351 0
478 0
198 0
323 0
122 0
342 0
728 0
427 0
521 0
535 0
225 0
238 0
136 0
149 0
246 0
592 0
432 0
519 0
633 0
583 0
481 0
443 0
641 0
912 0
734 0
937 0
752 0
853 0
954 0
993 0
317 0
339 0
173 0
187 0
282 0
279 0
872 0
897 0
677 0
689 0
