c Sudoku solution
p cnf 729 0
135 0
141 0
269 0
272 0
323 0
356 0
428 0
431 0
475 0
482 0
596 0
616 0
627 0
653 0
684 0
719 0
734 0
757 0
761 0
551 0
776 0
821 0
837 0
846 0
466 0
973 0
743 0
813 0
414 0
493 0
459 0
447 0
533 0
163 0
367 0
949 0
283 0
186 0
788 0
795 0
889 0
874 0
892 0
722 0
385 0
981 0
997 0
587 0
177 0
217 0
311 0
291 0
671 0
855 0
868 0
245 0
665 0
118 0
332 0
236 0
224 0
129 0
152 0
194 0
399 0
378 0
258 0
344 0
512 0
639 0
525 0
564 0
642 0
548 0
579 0
698 0
915 0
926 0
938 0
954 0
962 0
