c Sudoku solution
p cnf 729 0
136 0
145 0
164 0
181 0
218 0
263 0
277 0
362 0
398 0
158 0
428 0
435 0
486 0
494 0
572 0
617 0
127 0
633 0
644 0
742 0
857 0
347 0
467 0
888 0
678 0
893 0
911 0
926 0
516 0
992 0
282 0
199 0
173 0
112 0
419 0
622 0
452 0
832 0
471 0
583 0
597 0
443 0
953 0
754 0
791 0
296 0
225 0
234 0
313 0
356 0
715 0
723 0
814 0
829 0
524 0
531 0
321 0
339 0
846 0
861 0
965 0
776 0
875 0
241 0
259 0
651 0
666 0
555 0
374 0
385 0
979 0
984 0
787 0
738 0
937 0
769 0
948 0
549 0
568 0
689 0
695 0
