c Sudoku solution
p cnf 729 0
129 0
137 0
161 0
176 0
216 0
234 0
257 0
283 0
315 0
323 0
394 0
421 0
331 0
456 0
487 0
377 0
492 0
563 0
638 0
647 0
673 0
691 0
271 0
752 0
824 0
859 0
358 0
866 0
346 0
888 0
927 0
897 0
767 0
517 0
979 0
872 0
833 0
811 0
845 0
413 0
614 0
655 0
719 0
265 0
774 0
584 0
551 0
198 0
185 0
382 0
299 0
112 0
228 0
242 0
369 0
918 0
932 0
748 0
941 0
953 0
964 0
781 0
793 0
662 0
522 0
626 0
596 0
689 0
725 0
736 0
143 0
154 0
444 0
549 0
468 0
475 0
578 0
439 0
535 0
986 0
995 0
