c Sudoku solution
p cnf 729 0
119 0
156 0
253 0
323 0
348 0
374 0
396 0
435 0
539 0
558 0
573 0
634 0
672 0
689 0
697 0
722 0
794 0
843 0
916 0
236 0
928 0
829 0
814 0
715 0
618 0
413 0
512 0
663 0
138 0
332 0
942 0
452 0
954 0
981 0
995 0
783 0
933 0
193 0
591 0
498 0
585 0
484 0
476 0
886 0
892 0
387 0
182 0
288 0
262 0
311 0
217 0
299 0
969 0
779 0
878 0
977 0
768 0
746 0
566 0
544 0
527 0
626 0
421 0
164 0
147 0
241 0
171 0
275 0
125 0
224 0
645 0
651 0
449 0
467 0
757 0
731 0
837 0
855 0
861 0
359 0
365 0
