c Sudoku solution
p cnf 729 0
162 0
174 0
215 0
279 0
298 0
322 0
282 0
356 0
365 0
387 0
428 0
453 0
491 0
393 0
371 0
527 0
534 0
626 0
236 0
699 0
764 0
795 0
196 0
185 0
592 0
883 0
921 0
781 0
989 0
825 0
224 0
344 0
484 0
688 0
586 0
654 0
932 0
967 0
994 0
897 0
814 0
263 0
661 0
511 0
573 0
131 0
117 0
123 0
737 0
729 0
838 0
318 0
339 0
419 0
612 0
633 0
435 0
442 0
466 0
647 0
477 0
675 0
241 0
257 0
851 0
752 0
872 0
869 0
846 0
568 0
978 0
776 0
713 0
916 0
748 0
943 0
955 0
545 0
559 0
149 0
158 0
