c Sudoku solution
p cnf 729 0
175 0
199 0
225 0
236 0
259 0
287 0
327 0
346 0
186 0
383 0
492 0
517 0
539 0
319 0
544 0
593 0
613 0
652 0
522 0
698 0
718 0
833 0
123 0
428 0
868 0
558 0
988 0
914 0
624 0
416 0
815 0
943 0
773 0
263 0
453 0
955 0
365 0
585 0
795 0
969 0
431 0
635 0
467 0
445 0
649 0
677 0
576 0
681 0
561 0
666 0
111 0
212 0
372 0
278 0
294 0
391 0
241 0
354 0
157 0
162 0
148 0
134 0
338 0
764 0
971 0
926 0
756 0
851 0
721 0
829 0
789 0
896 0
997 0
847 0
742 0
737 0
932 0
874 0
882 0
479 0
484 0
