c Sudoku solution
p cnf 729 0
117 0
128 0
131 0
186 0
199 0
283 0
292 0
312 0
356 0
378 0
468 0
477 0
495 0
532 0
557 0
569 0
581 0
644 0
779 0
797 0
387 0
834 0
846 0
666 0
863 0
827 0
637 0
938 0
964 0
947 0
784 0
267 0
922 0
985 0
959 0
819 0
855 0
545 0
594 0
576 0
523 0
518 0
333 0
713 0
735 0
726 0
911 0
615 0
973 0
996 0
672 0
489 0
693 0
688 0
436 0
414 0
421 0
629 0
651 0
216 0
239 0
349 0
871 0
898 0
882 0
391 0
241 0
365 0
162 0
143 0
154 0
258 0
175 0
274 0
225 0
324 0
761 0
442 0
453 0
748 0
752 0
