c Sudoku solution
p cnf 729 0
113 0
151 0
227 0
235 0
294 0
338 0
356 0
371 0
211 0
395 0
412 0
469 0
529 0
531 0
572 0
593 0
636 0
126 0
642 0
681 0
441 0
724 0
322 0
825 0
921 0
868 0
761 0
891 0
876 0
286 0
496 0
916 0
718 0
746 0
566 0
955 0
987 0
799 0
679 0
165 0
545 0
615 0
262 0
177 0
697 0
367 0
847 0
737 0
819 0
949 0
517 0
434 0
584 0
457 0
423 0
628 0
558 0
314 0
139 0
144 0
389 0
273 0
343 0
248 0
259 0
775 0
974 0
998 0
854 0
752 0
963 0
783 0
882 0
833 0
932 0
653 0
664 0
478 0
485 0
188 0
192 0
