c Sudoku solution
p cnf 729 0
137 0
214 0
233 0
241 0
289 0
297 0
321 0
346 0
369 0
357 0
395 0
462 0
588 0
645 0
679 0
696 0
819 0
129 0
836 0
844 0
851 0
873 0
383 0
374 0
938 0
332 0
318 0
956 0
566 0
661 0
634 0
164 0
967 0
763 0
994 0
799 0
724 0
949 0
484 0
554 0
459 0
539 0
735 0
865 0
898 0
431 0
493 0
268 0
178 0
985 0
827 0
882 0
971 0
711 0
591 0
181 0
192 0
276 0
143 0
155 0
252 0
116 0
225 0
426 0
628 0
448 0
547 0
653 0
742 0
758 0
572 0
687 0
475 0
417 0
515 0
523 0
612 0
913 0
922 0
777 0
786 0
