c Sudoku solution
p cnf 729 0
131 0
159 0
255 0
263 0
313 0
325 0
346 0
357 0
372 0
444 0
465 0
535 0
549 0
597 0
619 0
656 0
692 0
762 0
773 0
791 0
839 0
789 0
969 0
866 0
229 0
667 0
479 0
399 0
854 0
758 0
927 0
747 0
715 0
943 0
951 0
845 0
823 0
811 0
882 0
877 0
898 0
296 0
493 0
633 0
452 0
553 0
183 0
287 0
117 0
126 0
142 0
437 0
522 0
724 0
736 0
514 0
416 0
488 0
421 0
628 0
568 0
641 0
248 0
361 0
164 0
195 0
178 0
271 0
384 0
234 0
212 0
338 0
918 0
932 0
576 0
581 0
986 0
685 0
674 0
975 0
994 0
