c Sudoku solution
p cnf 729 0
125 0
139 0
162 0
196 0
227 0
275 0
299 0
321 0
441 0
456 0
511 0
573 0
597 0
619 0
653 0
667 0
694 0
737 0
417 0
822 0
833 0
931 0
423 0
866 0
889 0
479 0
898 0
791 0
851 0
261 0
915 0
814 0
877 0
845 0
785 0
524 0
464 0
495 0
635 0
974 0
254 0
184 0
171 0
387 0
334 0
744 0
763 0
681 0
157 0
947 0
113 0
148 0
642 0
549 0
488 0
582 0
676 0
432 0
536 0
628 0
718 0
238 0
378 0
772 0
993 0
986 0
759 0
952 0
968 0
726 0
929 0
558 0
565 0
355 0
369 0
283 0
392 0
212 0
316 0
246 0
343 0
