c Sudoku solution
p cnf 729 0
139 0
232 0
255 0
266 0
279 0
283 0
333 0
369 0
375 0
396 0
494 0
548 0
576 0
587 0
613 0
678 0
685 0
726 0
116 0
125 0
741 0
814 0
852 0
898 0
928 0
823 0
218 0
438 0
636 0
534 0
947 0
865 0
445 0
456 0
515 0
143 0
846 0
986 0
889 0
244 0
324 0
342 0
649 0
599 0
473 0
429 0
963 0
793 0
995 0
735 0
931 0
837 0
777 0
871 0
553 0
561 0
522 0
184 0
172 0
388 0
974 0
782 0
719 0
912 0
959 0
481 0
692 0
417 0
621 0
462 0
311 0
227 0
291 0
197 0
151 0
357 0
168 0
654 0
667 0
758 0
764 0
