c Sudoku solution
p cnf 729 0
158 0
173 0
216 0
232 0
315 0
331 0
378 0
228 0
323 0
464 0
471 0
548 0
559 0
566 0
594 0
614 0
696 0
737 0
755 0
772 0
836 0
426 0
976 0
746 0
186 0
356 0
889 0
918 0
934 0
784 0
124 0
139 0
117 0
274 0
344 0
854 0
679 0
419 0
957 0
961 0
281 0
141 0
253 0
651 0
452 0
575 0
533 0
877 0
985 0
993 0
825 0
582 0
511 0
527 0
622 0
713 0
812 0
721 0
929 0
798 0
891 0
769 0
868 0
843 0
942 0
483 0
663 0
249 0
399 0
387 0
192 0
295 0
165 0
362 0
267 0
688 0
497 0
445 0
647 0
438 0
635 0
