c Sudoku solution
p cnf 729 0
142 0
194 0
243 0
257 0
292 0
316 0
332 0
344 0
379 0
383 0
428 0
464 0
546 0
565 0
631 0
647 0
659 0
441 0
695 0
711 0
766 0
156 0
355 0
774 0
849 0
873 0
896 0
938 0
926 0
945 0
748 0
888 0
785 0
436 0
415 0
558 0
678 0
686 0
584 0
276 0
175 0
281 0
187 0
398 0
327 0
121 0
361 0
851 0
954 0
999 0
971 0
982 0
797 0
591 0
493 0
489 0
452 0
663 0
477 0
572 0
753 0
862 0
967 0
722 0
739 0
913 0
612 0
624 0
133 0
523 0
825 0
229 0
235 0
214 0
118 0
169 0
268 0
817 0
834 0
519 0
537 0
