c Sudoku solution
p cnf 729 0
127 0
138 0
189 0
221 0
257 0
275 0
335 0
349 0
363 0
371 0
441 0
512 0
529 0
573 0
591 0
644 0
662 0
699 0
717 0
739 0
219 0
796 0
852 0
885 0
495 0
925 0
615 0
631 0
966 0
992 0
722 0
232 0
113 0
142 0
194 0
176 0
264 0
246 0
358 0
472 0
382 0
397 0
893 0
933 0
743 0
545 0
556 0
653 0
459 0
423 0
869 0
811 0
979 0
283 0
298 0
987 0
781 0
951 0
754 0
765 0
778 0
874 0
836 0
914 0
828 0
847 0
948 0
316 0
324 0
418 0
626 0
486 0
584 0
434 0
537 0
467 0
568 0
155 0
161 0
677 0
688 0
