c Sudoku solution
p cnf 729 0
168 0
181 0
193 0
278 0
337 0
352 0
385 0
423 0
559 0
566 0
575 0
615 0
638 0
667 0
682 0
691 0
725 0
743 0
583 0
644 0
653 0
774 0
918 0
328 0
955 0
895 0
961 0
871 0
973 0
172 0
477 0
997 0
792 0
769 0
287 0
484 0
598 0
236 0
135 0
833 0
731 0
114 0
129 0
626 0
496 0
679 0
376 0
716 0
788 0
757 0
147 0
156 0
222 0
521 0
534 0
517 0
542 0
465 0
827 0
924 0
946 0
862 0
854 0
848 0
819 0
932 0
886 0
989 0
412 0
439 0
245 0
349 0
251 0
213 0
311 0
264 0
363 0
299 0
394 0
441 0
458 0
