c Sudoku solution
p cnf 729 0
122 0
168 0
194 0
226 0
269 0
282 0
331 0
357 0
363 0
342 0
429 0
432 0
451 0
478 0
517 0
548 0
628 0
656 0
155 0
254 0
241 0
146 0
681 0
521 0
171 0
718 0
238 0
137 0
765 0
791 0
772 0
874 0
923 0
934 0
727 0
825 0
744 0
324 0
961 0
866 0
811 0
912 0
852 0
958 0
839 0
736 0
416 0
614 0
189 0
113 0
215 0
319 0
783 0
759 0
843 0
947 0
553 0
649 0
445 0
535 0
633 0
273 0
297 0
677 0
695 0
592 0
493 0
484 0
586 0
579 0
467 0
564 0
662 0
887 0
898 0
388 0
985 0
976 0
999 0
375 0
396 0
