c Sudoku solution
p cnf 729 0
194 0
211 0
264 0
322 0
357 0
376 0
429 0
432 0
446 0
474 0
553 0
569 0
637 0
655 0
692 0
542 0
644 0
467 0
719 0
733 0
782 0
849 0
884 0
915 0
812 0
117 0
921 0
531 0
525 0
514 0
334 0
616 0
724 0
827 0
954 0
962 0
947 0
863 0
978 0
936 0
838 0
577 0
797 0
896 0
875 0
771 0
851 0
458 0
661 0
413 0
628 0
318 0
756 0
166 0
123 0
226 0
365 0
745 0
768 0
586 0
598 0
287 0
188 0
295 0
141 0
343 0
248 0
135 0
239 0
273 0
172 0
159 0
252 0
679 0
683 0
989 0
993 0
485 0
491 0
381 0
399 0
