c Sudoku solution
p cnf 729 0
181 0
198 0
219 0
235 0
267 0
293 0
311 0
356 0
379 0
387 0
438 0
475 0
395 0
544 0
614 0
637 0
646 0
688 0
731 0
789 0
843 0
855 0
985 0
145 0
861 0
876 0
286 0
884 0
494 0
596 0
577 0
699 0
671 0
991 0
942 0
348 0
241 0
228 0
818 0
747 0
792 0
897 0
449 0
457 0
551 0
568 0
665 0
421 0
416 0
122 0
136 0
117 0
174 0
272 0
254 0
362 0
512 0
623 0
539 0
525 0
583 0
482 0
463 0
652 0
715 0
913 0
927 0
773 0
978 0
758 0
829 0
832 0
324 0
333 0
726 0
934 0
764 0
959 0
966 0
153 0
169 0
