c Sudoku solution
p cnf 729 0
121 0
156 0
179 0
239 0
265 0
323 0
387 0
396 0
431 0
453 0
492 0
517 0
522 0
584 0
638 0
737 0
227 0
216 0
743 0
163 0
147 0
799 0
813 0
533 0
835 0
936 0
867 0
657 0
477 0
997 0
876 0
766 0
546 0
982 0
973 0
712 0
911 0
132 0
334 0
194 0
774 0
785 0
751 0
728 0
188 0
375 0
272 0
115 0
318 0
671 0
578 0
595 0
693 0
561 0
559 0
955 0
352 0
842 0
662 0
829 0
924 0
854 0
258 0
244 0
341 0
369 0
645 0
464 0
448 0
419 0
614 0
425 0
626 0
486 0
689 0
949 0
968 0
283 0
291 0
881 0
898 0
