c Sudoku solution
p cnf 729 0
143 0
187 0
194 0
217 0
264 0
322 0
371 0
385 0
452 0
489 0
533 0
546 0
615 0
659 0
684 0
714 0
334 0
786 0
829 0
519 0
632 0
881 0
927 0
437 0
931 0
942 0
812 0
162 0
956 0
836 0
974 0
366 0
357 0
995 0
969 0
313 0
918 0
723 0
735 0
758 0
983 0
853 0
844 0
865 0
554 0
424 0
445 0
575 0
282 0
772 0
799 0
588 0
592 0
468 0
663 0
567 0
641 0
521 0
416 0
628 0
491 0
473 0
111 0
155 0
251 0
126 0
225 0
747 0
761 0
293 0
276 0
677 0
696 0
878 0
897 0
179 0
398 0
138 0
239 0
248 0
349 0
