c Sudoku solution
p cnf 729 0
135 0
197 0
218 0
249 0
256 0
323 0
379 0
431 0
525 0
563 0
582 0
598 0
627 0
681 0
694 0
722 0
746 0
789 0
499 0
842 0
868 0
886 0
396 0
934 0
969 0
995 0
972 0
292 0
237 0
332 0
636 0
539 0
428 0
514 0
576 0
466 0
659 0
648 0
311 0
224 0
738 0
988 0
833 0
891 0
793 0
829 0
921 0
916 0
119 0
126 0
178 0
271 0
358 0
265 0
283 0
184 0
385 0
445 0
454 0
662 0
412 0
613 0
675 0
344 0
367 0
152 0
161 0
143 0
541 0
557 0
947 0
953 0
751 0
855 0
764 0
777 0
874 0
715 0
817 0
473 0
487 0
