c Sudoku solution
p cnf 729 0
153 0
259 0
288 0
295 0
321 0
424 0
441 0
477 0
492 0
531 0
552 0
578 0
596 0
613 0
646 0
664 0
584 0
483 0
722 0
632 0
739 0
771 0
261 0
857 0
951 0
811 0
627 0
658 0
455 0
469 0
933 0
223 0
944 0
756 0
849 0
354 0
972 0
862 0
987 0
785 0
886 0
999 0
965 0
717 0
834 0
794 0
873 0
898 0
825 0
529 0
515 0
393 0
675 0
197 0
181 0
382 0
689 0
691 0
128 0
166 0
135 0
142 0
247 0
345 0
368 0
212 0
114 0
319 0
274 0
179 0
376 0
236 0
337 0
926 0
918 0
416 0
438 0
543 0
567 0
748 0
763 0
