c Sudoku solution
p cnf 729 0
114 0
136 0
264 0
325 0
331 0
353 0
369 0
411 0
429 0
467 0
494 0
562 0
577 0
633 0
654 0
665 0
679 0
686 0
692 0
432 0
641 0
782 0
824 0
534 0
515 0
526 0
919 0
239 0
948 0
744 0
168 0
975 0
984 0
937 0
374 0
485 0
172 0
735 0
838 0
145 0
295 0
855 0
716 0
387 0
812 0
952 0
318 0
222 0
342 0
396 0
213 0
127 0
151 0
617 0
628 0
876 0
966 0
991 0
861 0
763 0
721 0
923 0
778 0
883 0
271 0
288 0
473 0
446 0
543 0
458 0
559 0
247 0
256 0
849 0
757 0
799 0
897 0
581 0
598 0
189 0
193 0
