c Sudoku solution
p cnf 729 0
121 0
219 0
275 0
293 0
325 0
341 0
281 0
352 0
377 0
389 0
414 0
468 0
486 0
536 0
549 0
571 0
598 0
627 0
643 0
682 0
744 0
758 0
797 0
587 0
473 0
835 0
853 0
874 0
888 0
679 0
694 0
495 0
178 0
192 0
396 0
184 0
248 0
928 0
934 0
224 0
232 0
116 0
137 0
163 0
364 0
159 0
145 0
554 0
965 0
785 0
983 0
999 0
891 0
655 0
562 0
447 0
666 0
451 0
439 0
422 0
523 0
515 0
761 0
869 0
957 0
733 0
911 0
712 0
817 0
776 0
972 0
729 0
826 0
842 0
946 0
618 0
631 0
313 0
338 0
256 0
267 0
