c Sudoku solution
p cnf 729 0
128 0
169 0
185 0
212 0
248 0
263 0
311 0
387 0
464 0
471 0
531 0
543 0
556 0
567 0
574 0
592 0
614 0
636 0
791 0
281 0
813 0
842 0
879 0
276 0
929 0
821 0
525 0
937 0
588 0
519 0
133 0
172 0
194 0
299 0
339 0
235 0
982 0
378 0
393 0
998 0
257 0
151 0
146 0
117 0
326 0
224 0
418 0
432 0
722 0
747 0
759 0
953 0
897 0
975 0
773 0
944 0
961 0
916 0
715 0
641 0
345 0
354 0
362 0
449 0
455 0
689 0
652 0
668 0
858 0
865 0
766 0
784 0
886 0
738 0
834 0
483 0
496 0
427 0
623 0
677 0
695 0
