c Sudoku solution
p cnf 729 0
227 0
266 0
272 0
298 0
311 0
385 0
394 0
433 0
455 0
543 0
592 0
612 0
648 0
696 0
719 0
788 0
813 0
857 0
937 0
952 0
882 0
965 0
868 0
974 0
991 0
983 0
949 0
253 0
763 0
673 0
575 0
478 0
171 0
289 0
241 0
145 0
215 0
234 0
751 0
556 0
193 0
323 0
879 0
776 0
797 0
895 0
744 0
846 0
824 0
831 0
377 0
186 0
118 0
336 0
167 0
154 0
342 0
369 0
358 0
916 0
928 0
426 0
538 0
447 0
462 0
414 0
517 0
687 0
584 0
659 0
664 0
561 0
529 0
621 0
635 0
725 0
732 0
122 0
139 0
481 0
499 0
