c Sudoku solution
p cnf 729 0
157 0
183 0
237 0
253 0
272 0
281 0
416 0
515 0
542 0
559 0
613 0
628 0
639 0
675 0
687 0
692 0
722 0
432 0
746 0
779 0
784 0
826 0
854 0
869 0
882 0
893 0
924 0
919 0
323 0
534 0
963 0
952 0
733 0
443 0
573 0
998 0
165 0
362 0
112 0
225 0
129 0
455 0
795 0
986 0
385 0
588 0
596 0
489 0
468 0
567 0
427 0
521 0
717 0
761 0
758 0
491 0
474 0
194 0
299 0
266 0
351 0
148 0
131 0
336 0
176 0
397 0
378 0
218 0
314 0
244 0
349 0
811 0
935 0
838 0
877 0
971 0
845 0
947 0
641 0
656 0
664 0
