c Sudoku solution
p cnf 729 0
134 0
142 0
177 0
212 0
256 0
343 0
371 0
435 0
467 0
499 0
528 0
546 0
597 0
614 0
639 0
627 0
661 0
688 0
645 0
816 0
426 0
532 0
336 0
821 0
231 0
317 0
118 0
151 0
247 0
855 0
862 0
884 0
837 0
998 0
893 0
879 0
848 0
738 0
933 0
444 0
458 0
652 0
574 0
585 0
481 0
413 0
511 0
472 0
278 0
368 0
673 0
696 0
791 0
749 0
941 0
715 0
919 0
776 0
975 0
966 0
186 0
283 0
195 0
294 0
392 0
389 0
123 0
169 0
265 0
354 0
229 0
325 0
957 0
764 0
753 0
722 0
924 0
787 0
982 0
559 0
563 0
