c Sudoku solution
p cnf 729 0
163 0
247 0
284 0
317 0
351 0
383 0
458 0
461 0
477 0
489 0
519 0
544 0
552 0
571 0
637 0
567 0
666 0
733 0
772 0
781 0
838 0
874 0
915 0
921 0
841 0
611 0
968 0
798 0
999 0
225 0
213 0
278 0
118 0
348 0
124 0
364 0
694 0
535 0
954 0
714 0
987 0
434 0
197 0
291 0
131 0
659 0
853 0
757 0
827 0
729 0
746 0
942 0
765 0
869 0
812 0
936 0
973 0
416 0
326 0
256 0
262 0
182 0
395 0
379 0
176 0
239 0
332 0
149 0
155 0
675 0
445 0
643 0
688 0
492 0
593 0
586 0
423 0
622 0
528 0
885 0
896 0
