c Sudoku solution
p cnf 729 0
125 0
151 0
238 0
273 0
294 0
355 0
285 0
378 0
429 0
537 0
569 0
593 0
631 0
647 0
679 0
719 0
762 0
791 0
381 0
845 0
864 0
872 0
886 0
833 0
916 0
959 0
899 0
249 0
189 0
339 0
967 0
941 0
858 0
983 0
461 0
665 0
571 0
515 0
257 0
266 0
363 0
168 0
113 0
623 0
974 0
212 0
221 0
811 0
827 0
317 0
414 0
618 0
436 0
522 0
696 0
928 0
932 0
735 0
724 0
777 0
995 0
788 0
326 0
134 0
142 0
344 0
392 0
475 0
176 0
197 0
487 0
682 0
498 0
584 0
452 0
654 0
443 0
556 0
548 0
746 0
753 0
