c Sudoku solution
p cnf 729 0
155 0
235 0
264 0
282 0
327 0
383 0
391 0
375 0
421 0
544 0
569 0
572 0
642 0
653 0
676 0
694 0
811 0
131 0
823 0
854 0
865 0
445 0
888 0
899 0
877 0
832 0
846 0
122 0
412 0
434 0
533 0
314 0
924 0
939 0
961 0
973 0
241 0
213 0
551 0
681 0
771 0
784 0
493 0
174 0
995 0
792 0
986 0
952 0
362 0
585 0
917 0
948 0
597 0
489 0
478 0
668 0
637 0
349 0
759 0
279 0
187 0
143 0
166 0
358 0
257 0
198 0
296 0
119 0
228 0
336 0
615 0
629 0
725 0
526 0
518 0
716 0
738 0
747 0
763 0
456 0
467 0
