c Sudoku solution
p cnf 729 0
112 0
149 0
171 0
236 0
264 0
275 0
317 0
355 0
362 0
384 0
396 0
446 0
493 0
518 0
523 0
561 0
586 0
595 0
687 0
734 0
124 0
135 0
757 0
768 0
815 0
831 0
844 0
928 0
338 0
213 0
933 0
827 0
722 0
626 0
425 0
977 0
994 0
469 0
547 0
437 0
167 0
156 0
343 0
183 0
379 0
198 0
297 0
282 0
229 0
321 0
539 0
632 0
942 0
699 0
481 0
414 0
611 0
791 0
745 0
951 0
966 0
863 0
859 0
985 0
876 0
773 0
789 0
716 0
919 0
241 0
258 0
648 0
665 0
653 0
554 0
452 0
478 0
572 0
674 0
888 0
892 0
