c Sudoku solution
p cnf 729 0
113 0
129 0
185 0
216 0
248 0
293 0
314 0
359 0
387 0
457 0
471 0
522 0
576 0
583 0
628 0
677 0
689 0
279 0
723 0
851 0
866 0
878 0
973 0
843 0
363 0
653 0
433 0
156 0
396 0
775 0
174 0
372 0
281 0
198 0
338 0
488 0
882 0
936 0
786 0
984 0
426 0
646 0
824 0
967 0
227 0
147 0
634 0
918 0
712 0
415 0
611 0
835 0
921 0
791 0
999 0
897 0
737 0
819 0
517 0
539 0
325 0
131 0
232 0
162 0
341 0
544 0
561 0
558 0
665 0
494 0
692 0
595 0
749 0
945 0
952 0
442 0
469 0
255 0
264 0
754 0
768 0
