c Sudoku solution
p cnf 729 0
114 0
129 0
162 0
233 0
271 0
347 0
351 0
131 0
366 0
442 0
476 0
538 0
546 0
581 0
673 0
689 0
719 0
439 0
763 0
143 0
772 0
844 0
859 0
952 0
756 0
249 0
569 0
925 0
941 0
974 0
999 0
379 0
987 0
913 0
936 0
968 0
867 0
745 0
788 0
875 0
791 0
832 0
335 0
648 0
577 0
178 0
155 0
264 0
258 0
186 0
197 0
883 0
896 0
393 0
384 0
282 0
295 0
485 0
498 0
461 0
665 0
417 0
634 0
423 0
522 0
515 0
553 0
454 0
657 0
594 0
692 0
312 0
328 0
216 0
227 0
611 0
626 0
818 0
821 0
724 0
737 0
