c Sudoku solution
p cnf 729 0
121 0
164 0
195 0
223 0
267 0
288 0
299 0
328 0
335 0
349 0
491 0
516 0
569 0
577 0
584 0
614 0
212 0
317 0
234 0
136 0
119 0
187 0
638 0
531 0
645 0
525 0
413 0
255 0
724 0
842 0
857 0
447 0
454 0
627 0
944 0
953 0
759 0
965 0
998 0
797 0
937 0
911 0
478 0
485 0
466 0
356 0
241 0
276 0
746 0
651 0
173 0
152 0
363 0
148 0
543 0
662 0
558 0
592 0
679 0
972 0
732 0
833 0
783 0
422 0
439 0
382 0
371 0
394 0
775 0
761 0
868 0
718 0
815 0
874 0
881 0
896 0
989 0
829 0
926 0
686 0
693 0
