c Sudoku solution
p cnf 729 0
121 0
158 0
216 0
229 0
264 0
292 0
366 0
375 0
436 0
453 0
469 0
472 0
484 0
524 0
551 0
585 0
618 0
623 0
639 0
411 0
425 0
686 0
546 0
726 0
732 0
322 0
512 0
537 0
568 0
447 0
498 0
745 0
754 0
644 0
814 0
871 0
761 0
931 0
677 0
691 0
982 0
193 0
278 0
176 0
394 0
134 0
338 0
974 0
788 0
883 0
779 0
797 0
713 0
835 0
919 0
896 0
995 0
956 0
317 0
233 0
115 0
255 0
241 0
343 0
287 0
381 0
189 0
167 0
142 0
359 0
948 0
963 0
849 0
828 0
927 0
652 0
665 0
857 0
862 0
573 0
599 0
