c Sudoku solution
p cnf 729 0
129 0
154 0
172 0
293 0
315 0
336 0
349 0
471 0
485 0
527 0
533 0
574 0
632 0
625 0
644 0
687 0
673 0
696 0
722 0
212 0
761 0
859 0
877 0
378 0
935 0
957 0
984 0
864 0
381 0
186 0
394 0
289 0
197 0
275 0
237 0
224 0
367 0
352 0
323 0
717 0
734 0
919 0
976 0
813 0
826 0
783 0
414 0
516 0
611 0
428 0
439 0
492 0
658 0
669 0
118 0
131 0
921 0
838 0
447 0
453 0
466 0
268 0
779 0
882 0
891 0
998 0
795 0
756 0
845 0
748 0
143 0
165 0
942 0
963 0
562 0
541 0
555 0
246 0
251 0
588 0
599 0
