c Sudoku solution
p cnf 729 0
121 0
159 0
192 0
218 0
315 0
353 0
396 0
433 0
454 0
477 0
534 0
557 0
645 0
662 0
698 0
752 0
767 0
786 0
838 0
958 0
778 0
841 0
869 0
893 0
981 0
999 0
887 0
297 0
794 0
743 0
563 0
729 0
711 0
735 0
631 0
656 0
461 0
495 0
591 0
525 0
428 0
416 0
512 0
482 0
589 0
576 0
449 0
548 0
814 0
619 0
627 0
251 0
371 0
855 0
872 0
975 0
826 0
279 0
339 0
347 0
242 0
236 0
322 0
224 0
113 0
137 0
174 0
388 0
185 0
283 0
146 0
168 0
265 0
364 0
917 0
923 0
932 0
944 0
966 0
673 0
684 0
