c Sudoku solution
p cnf 729 0
145 0
161 0
188 0
192 0
225 0
269 0
337 0
358 0
396 0
412 0
427 0
436 0
451 0
485 0
375 0
535 0
613 0
677 0
157 0
786 0
576 0
828 0
833 0
849 0
952 0
964 0
978 0
499 0
939 0
779 0
134 0
872 0
271 0
474 0
173 0
389 0
323 0
311 0
232 0
218 0
362 0
344 0
638 0
691 0
682 0
583 0
598 0
521 0
926 0
731 0
722 0
941 0
116 0
129 0
519 0
624 0
554 0
646 0
665 0
659 0
542 0
567 0
243 0
256 0
448 0
463 0
747 0
768 0
753 0
855 0
866 0
881 0
987 0
993 0
795 0
894 0
714 0
817 0
915 0
284 0
297 0
