c Sudoku solution
p cnf 729 0
157 0
163 0
182 0
223 0
239 0
384 0
391 0
373 0
443 0
454 0
496 0
525 0
541 0
579 0
199 0
692 0
715 0
759 0
767 0
647 0
349 0
774 0
594 0
834 0
887 0
989 0
477 0
297 0
918 0
932 0
927 0
742 0
872 0
966 0
944 0
786 0
971 0
721 0
733 0
798 0
264 0
251 0
212 0
422 0
861 0
995 0
893 0
953 0
317 0
537 0
513 0
588 0
683 0
481 0
675 0
419 0
438 0
465 0
669 0
556 0
562 0
658 0
816 0
829 0
352 0
855 0
848 0
368 0
335 0
326 0
131 0
114 0
128 0
611 0
636 0
624 0
176 0
145 0
246 0
278 0
285 0
