c Sudoku solution
p cnf 729 0
128 0
187 0
221 0
249 0
253 0
314 0
322 0
456 0
475 0
494 0
551 0
623 0
636 0
644 0
677 0
681 0
698 0
715 0
525 0
534 0
773 0
786 0
841 0
878 0
924 0
884 0
826 0
932 0
989 0
971 0
731 0
918 0
411 0
438 0
391 0
161 0
264 0
174 0
288 0
754 0
358 0
385 0
193 0
379 0
333 0
235 0
139 0
217 0
116 0
813 0
427 0
469 0
619 0
512 0
583 0
482 0
443 0
729 0
837 0
963 0
946 0
145 0
152 0
742 0
768 0
957 0
797 0
892 0
995 0
347 0
366 0
548 0
567 0
655 0
662 0
859 0
865 0
272 0
296 0
576 0
599 0
