c Sudoku solution
p cnf 729 0
147 0
151 0
179 0
232 0
281 0
349 0
382 0
162 0
396 0
422 0
473 0
524 0
535 0
546 0
559 0
619 0
229 0
636 0
486 0
499 0
661 0
738 0
765 0
789 0
827 0
842 0
652 0
912 0
975 0
815 0
983 0
588 0
687 0
695 0
674 0
185 0
325 0
884 0
213 0
134 0
193 0
294 0
277 0
378 0
623 0
418 0
431 0
517 0
648 0
563 0
714 0
311 0
337 0
116 0
128 0
833 0
939 0
869 0
743 0
941 0
926 0
721 0
444 0
467 0
455 0
245 0
353 0
364 0
954 0
757 0
856 0
968 0
776 0
792 0
997 0
258 0
266 0
572 0
591 0
871 0
898 0
