c Sudoku solution
p cnf 729 0
223 0
246 0
334 0
352 0
368 0
379 0
381 0
544 0
559 0
567 0
618 0
622 0
661 0
674 0
687 0
816 0
842 0
462 0
853 0
163 0
393 0
326 0
869 0
149 0
891 0
913 0
978 0
984 0
885 0
877 0
824 0
838 0
414 0
128 0
996 0
932 0
965 0
929 0
219 0
112 0
186 0
175 0
272 0
288 0
264 0
194 0
297 0
754 0
766 0
748 0
941 0
957 0
347 0
255 0
151 0
137 0
231 0
315 0
511 0
525 0
427 0
471 0
717 0
721 0
735 0
458 0
656 0
773 0
576 0
436 0
533 0
639 0
483 0
445 0
643 0
499 0
695 0
582 0
598 0
789 0
792 0
