c Sudoku solution
p cnf 729 0
113 0
184 0
232 0
268 0
329 0
331 0
342 0
383 0
435 0
451 0
488 0
526 0
534 0
559 0
665 0
696 0
711 0
621 0
728 0
747 0
886 0
895 0
755 0
927 0
915 0
877 0
375 0
125 0
245 0
253 0
224 0
814 0
822 0
423 0
858 0
585 0
949 0
839 0
169 0
141 0
843 0
861 0
548 0
644 0
563 0
446 0
673 0
512 0
571 0
597 0
287 0
291 0
398 0
192 0
176 0
279 0
157 0
138 0
216 0
317 0
419 0
467 0
652 0
689 0
618 0
637 0
978 0
981 0
962 0
782 0
774 0
993 0
799 0
733 0
936 0
766 0
954 0
356 0
364 0
472 0
494 0
