c Sudoku solution
p cnf 729 0
112 0
126 0
151 0
198 0
221 0
263 0
282 0
334 0
352 0
385 0
449 0
464 0
487 0
523 0
629 0
638 0
672 0
691 0
371 0
844 0
254 0
866 0
881 0
897 0
924 0
941 0
561 0
542 0
973 0
995 0
792 0
962 0
594 0
614 0
715 0
731 0
855 0
411 0
425 0
432 0
575 0
589 0
478 0
558 0
822 0
879 0
818 0
833 0
727 0
957 0
988 0
313 0
183 0
174 0
277 0
517 0
536 0
916 0
939 0
219 0
328 0
137 0
235 0
145 0
169 0
248 0
346 0
367 0
296 0
399 0
665 0
647 0
743 0
759 0
768 0
776 0
784 0
686 0
493 0
456 0
653 0
