c Sudoku solution
p cnf 729 0
112 0
125 0
167 0
191 0
264 0
285 0
321 0
352 0
373 0
386 0
397 0
446 0
558 0
561 0
583 0
628 0
654 0
677 0
696 0
716 0
722 0
741 0
251 0
156 0
787 0
839 0
844 0
898 0
918 0
768 0
966 0
876 0
993 0
488 0
292 0
226 0
536 0
432 0
365 0
348 0
334 0
319 0
924 0
184 0
179 0
278 0
138 0
143 0
249 0
423 0
529 0
469 0
663 0
689 0
471 0
572 0
642 0
827 0
237 0
213 0
733 0
862 0
853 0
881 0
815 0
931 0
611 0
635 0
975 0
982 0
774 0
799 0
755 0
947 0
959 0
545 0
457 0
495 0
594 0
414 0
517 0
