c Sudoku solution
p cnf 729 0
133 0
152 0
171 0
226 0
292 0
322 0
346 0
351 0
453 0
461 0
484 0
596 0
186 0
625 0
683 0
738 0
749 0
816 0
436 0
835 0
842 0
941 0
243 0
891 0
581 0
721 0
913 0
523 0
927 0
968 0
976 0
985 0
932 0
714 0
829 0
999 0
874 0
888 0
863 0
857 0
954 0
124 0
428 0
264 0
394 0
373 0
793 0
782 0
777 0
318 0
365 0
766 0
755 0
656 0
259 0
148 0
167 0
195 0
278 0
119 0
215 0
231 0
337 0
287 0
389 0
611 0
479 0
412 0
517 0
558 0
575 0
672 0
497 0
698 0
445 0
544 0
647 0
562 0
669 0
539 0
634 0
