c Sudoku solution
p cnf 729 0
124 0
151 0
162 0
185 0
243 0
296 0
338 0
367 0
399 0
471 0
493 0
513 0
521 0
537 0
614 0
669 0
641 0
653 0
688 0
727 0
848 0
929 0
428 0
946 0
149 0
356 0
447 0
952 0
857 0
759 0
542 0
978 0
718 0
198 0
995 0
987 0
911 0
231 0
219 0
117 0
136 0
323 0
173 0
381 0
439 0
277 0
697 0
594 0
891 0
792 0
761 0
774 0
745 0
733 0
934 0
786 0
883 0
879 0
864 0
963 0
344 0
284 0
372 0
222 0
315 0
454 0
465 0
558 0
566 0
575 0
589 0
255 0
268 0
676 0
482 0
416 0
632 0
625 0
812 0
835 0
826 0
