c Sudoku solution
p cnf 729 0
116 0
132 0
144 0
234 0
249 0
272 0
329 0
343 0
425 0
439 0
491 0
545 0
558 0
569 0
596 0
651 0
698 0
418 0
713 0
788 0
852 0
362 0
885 0
675 0
689 0
946 0
848 0
741 0
971 0
994 0
792 0
395 0
215 0
155 0
987 0
442 0
647 0
582 0
477 0
123 0
181 0
261 0
168 0
197 0
293 0
286 0
384 0
378 0
179 0
257 0
356 0
228 0
922 0
919 0
938 0
735 0
965 0
953 0
759 0
776 0
612 0
454 0
483 0
574 0
466 0
663 0
533 0
636 0
624 0
814 0
727 0
764 0
867 0
826 0
831 0
521 0
517 0
311 0
337 0
873 0
899 0
