c Sudoku solution
p cnf 729 0
221 0
247 0
252 0
317 0
351 0
364 0
378 0
382 0
396 0
536 0
579 0
624 0
631 0
649 0
666 0
216 0
683 0
725 0
761 0
822 0
926 0
859 0
867 0
876 0
486 0
888 0
945 0
895 0
811 0
343 0
329 0
335 0
844 0
833 0
958 0
999 0
914 0
937 0
981 0
293 0
238 0
134 0
112 0
123 0
432 0
419 0
513 0
615 0
657 0
672 0
698 0
718 0
739 0
973 0
792 0
746 0
962 0
753 0
542 0
441 0
494 0
591 0
554 0
148 0
156 0
455 0
463 0
568 0
477 0
585 0
428 0
527 0
171 0
197 0
275 0
284 0
189 0
165 0
269 0
774 0
787 0
