c Sudoku solution
p cnf 729 0
121 0
133 0
178 0
186 0
218 0
263 0
319 0
371 0
383 0
434 0
468 0
476 0
492 0
554 0
641 0
251 0
666 0
674 0
746 0
356 0
348 0
773 0
797 0
859 0
867 0
939 0
789 0
962 0
761 0
975 0
872 0
282 0
277 0
579 0
565 0
449 0
629 0
169 0
299 0
364 0
245 0
224 0
236 0
194 0
395 0
115 0
714 0
755 0
958 0
981 0
996 0
884 0
898 0
843 0
944 0
411 0
816 0
831 0
825 0
526 0
635 0
538 0
485 0
728 0
732 0
322 0
337 0
587 0
591 0
693 0
688 0
513 0
612 0
427 0
453 0
542 0
657 0
917 0
923 0
147 0
152 0
