c Sudoku solution
p cnf 729 0
157 0
183 0
218 0
265 0
287 0
348 0
353 0
379 0
382 0
417 0
474 0
514 0
546 0
622 0
669 0
677 0
567 0
711 0
723 0
613 0
233 0
756 0
824 0
875 0
928 0
327 0
937 0
963 0
893 0
797 0
847 0
443 0
573 0
972 0
778 0
198 0
395 0
294 0
316 0
276 0
171 0
166 0
836 0
426 0
691 0
686 0
996 0
592 0
499 0
735 0
812 0
919 0
132 0
334 0
221 0
144 0
361 0
115 0
129 0
525 0
638 0
431 0
539 0
551 0
588 0
485 0
941 0
868 0
955 0
859 0
789 0
984 0
881 0
645 0
654 0
742 0
764 0
249 0
252 0
458 0
462 0
