c Sudoku solution
p cnf 729 0
139 0
185 0
211 0
244 0
296 0
312 0
326 0
373 0
398 0
422 0
475 0
517 0
566 0
619 0
648 0
652 0
663 0
736 0
416 0
751 0
772 0
867 0
889 0
279 0
964 0
983 0
686 0
915 0
991 0
694 0
677 0
895 0
797 0
192 0
287 0
262 0
582 0
631 0
625 0
821 0
469 0
493 0
599 0
361 0
168 0
171 0
384 0
765 0
578 0
481 0
447 0
541 0
555 0
454 0
438 0
534 0
523 0
228 0
345 0
253 0
359 0
113 0
235 0
124 0
337 0
743 0
729 0
927 0
932 0
833 0
842 0
146 0
157 0
949 0
874 0
788 0
976 0
714 0
818 0
856 0
958 0
