c Sudoku solution
p cnf 729 0
124 0
213 0
286 0
297 0
315 0
349 0
391 0
436 0
447 0
459 0
483 0
511 0
532 0
543 0
652 0
679 0
529 0
239 0
695 0
425 0
721 0
131 0
735 0
788 0
793 0
812 0
844 0
914 0
719 0
774 0
418 0
617 0
634 0
623 0
681 0
461 0
116 0
384 0
472 0
494 0
587 0
953 0
833 0
322 0
228 0
337 0
275 0
938 0
868 0
969 0
565 0
554 0
251 0
242 0
264 0
941 0
855 0
871 0
977 0
889 0
985 0
992 0
896 0
827 0
926 0
746 0
762 0
757 0
145 0
648 0
666 0
356 0
363 0
167 0
158 0
173 0
378 0
576 0
598 0
182 0
199 0
