c Sudoku solution
p cnf 729 0
155 0
183 0
194 0
215 0
247 0
278 0
299 0
369 0
439 0
463 0
533 0
595 0
616 0
648 0
721 0
768 0
358 0
817 0
856 0
874 0
919 0
129 0
934 0
952 0
976 0
736 0
993 0
673 0
231 0
112 0
337 0
138 0
177 0
713 0
843 0
889 0
314 0
253 0
264 0
342 0
282 0
226 0
323 0
579 0
659 0
749 0
754 0
967 0
444 0
665 0
562 0
546 0
425 0
632 0
822 0
835 0
928 0
861 0
945 0
898 0
981 0
141 0
166 0
684 0
524 0
627 0
691 0
472 0
371 0
396 0
385 0
775 0
787 0
792 0
486 0
588 0
497 0
451 0
557 0
418 0
511 0
