c Sudoku solution
p cnf 729 0
154 0
226 0
268 0
279 0
284 0
339 0
361 0
442 0
522 0
558 0
587 0
593 0
638 0
645 0
691 0
716 0
752 0
162 0
149 0
799 0
815 0
823 0
896 0
957 0
965 0
946 0
356 0
255 0
972 0
832 0
877 0
983 0
682 0
489 0
186 0
171 0
373 0
347 0
243 0
763 0
231 0
934 0
737 0
998 0
774 0
785 0
881 0
859 0
741 0
848 0
864 0
728 0
544 0
451 0
653 0
511 0
569 0
919 0
921 0
629 0
676 0
494 0
575 0
478 0
614 0
536 0
466 0
667 0
324 0
388 0
118 0
133 0
125 0
217 0
312 0
197 0
395 0
292 0
413 0
435 0
427 0
