c Sudoku solution
p cnf 729 0
222 0
263 0
284 0
335 0
347 0
368 0
383 0
396 0
532 0
548 0
553 0
627 0
634 0
642 0
656 0
665 0
688 0
731 0
795 0
815 0
828 0
862 0
871 0
894 0
943 0
955 0
961 0
758 0
833 0
773 0
679 0
372 0
152 0
978 0
987 0
857 0
717 0
912 0
782 0
999 0
886 0
849 0
729 0
924 0
936 0
321 0
492 0
693 0
611 0
189 0
574 0
476 0
597 0
467 0
581 0
485 0
423 0
525 0
516 0
569 0
113 0
126 0
314 0
164 0
359 0
246 0
145 0
251 0
191 0
298 0
177 0
275 0
138 0
237 0
219 0
418 0
439 0
441 0
454 0
744 0
766 0
