c Sudoku solution
p cnf 729 0
122 0
164 0
214 0
233 0
241 0
289 0
319 0
362 0
439 0
532 0
545 0
557 0
561 0
599 0
611 0
648 0
675 0
696 0
758 0
268 0
786 0
795 0
873 0
936 0
942 0
963 0
466 0
669 0
865 0
767 0
978 0
779 0
712 0
723 0
731 0
744 0
321 0
443 0
513 0
526 0
683 0
652 0
454 0
116 0
574 0
588 0
171 0
185 0
335 0
227 0
138 0
398 0
193 0
384 0
159 0
353 0
255 0
346 0
147 0
276 0
292 0
377 0
624 0
637 0
834 0
849 0
856 0
951 0
828 0
817 0
915 0
929 0
418 0
425 0
472 0
882 0
891 0
481 0
497 0
987 0
994 0
