c Sudoku solution
p cnf 729 0
134 0
155 0
166 0
213 0
235 0
248 0
289 0
386 0
226 0
424 0
449 0
451 0
488 0
496 0
562 0
622 0
472 0
647 0
665 0
463 0
437 0
415 0
683 0
781 0
828 0
841 0
894 0
584 0
546 0
558 0
654 0
964 0
768 0
714 0
344 0
274 0
992 0
978 0
182 0
143 0
252 0
742 0
945 0
725 0
987 0
885 0
757 0
869 0
817 0
832 0
312 0
359 0
297 0
171 0
198 0
127 0
321 0
338 0
119 0
261 0
367 0
618 0
636 0
916 0
776 0
873 0
799 0
733 0
856 0
953 0
511 0
929 0
931 0
523 0
539 0
679 0
691 0
375 0
393 0
577 0
595 0
