c Sudoku solution
p cnf 729 0
118 0
133 0
155 0
164 0
199 0
211 0
248 0
284 0
292 0
438 0
447 0
482 0
527 0
544 0
623 0
675 0
719 0
767 0
788 0
796 0
843 0
773 0
913 0
861 0
894 0
474 0
954 0
752 0
745 0
969 0
858 0
946 0
928 0
257 0
263 0
276 0
126 0
142 0
366 0
465 0
416 0
836 0
181 0
177 0
378 0
235 0
229 0
825 0
515 0
322 0
724 0
731 0
421 0
493 0
459 0
553 0
656 0
641 0
586 0
349 0
351 0
383 0
395 0
985 0
317 0
334 0
614 0
812 0
937 0
879 0
972 0
991 0
887 0
571 0
598 0
697 0
689 0
562 0
668 0
539 0
632 0
