c Sudoku solution
p cnf 729 0
113 0
197 0
211 0
249 0
268 0
292 0
324 0
339 0
453 0
491 0
555 0
562 0
573 0
283 0
664 0
696 0
767 0
814 0
838 0
871 0
885 0
827 0
395 0
916 0
969 0
899 0
659 0
466 0
165 0
361 0
343 0
181 0
179 0
274 0
128 0
863 0
988 0
977 0
758 0
951 0
154 0
386 0
378 0
776 0
782 0
687 0
598 0
994 0
793 0
744 0
945 0
418 0
447 0
541 0
648 0
615 0
475 0
672 0
312 0
136 0
225 0
237 0
142 0
357 0
256 0
719 0
517 0
721 0
735 0
623 0
631 0
922 0
933 0
429 0
432 0
534 0
526 0
484 0
589 0
846 0
852 0
