c Sudoku solution
p cnf 729 0
123 0
164 0
197 0
217 0
242 0
253 0
296 0
324 0
365 0
411 0
452 0
549 0
566 0
643 0
678 0
695 0
734 0
779 0
869 0
872 0
929 0
935 0
977 0
476 0
993 0
763 0
962 0
848 0
813 0
274 0
175 0
225 0
515 0
614 0
445 0
554 0
468 0
427 0
587 0
837 0
944 0
667 0
651 0
956 0
741 0
855 0
757 0
821 0
798 0
785 0
918 0
894 0
981 0
886 0
528 0
146 0
131 0
347 0
261 0
484 0
573 0
591 0
682 0
499 0
433 0
532 0
626 0
639 0
722 0
716 0
336 0
238 0
289 0
371 0
383 0
188 0
392 0
112 0
319 0
159 0
358 0
