c Sudoku solution
p cnf 729 0
168 0
226 0
253 0
261 0
312 0
337 0
359 0
424 0
432 0
491 0
563 0
574 0
588 0
621 0
687 0
696 0
739 0
822 0
867 0
883 0
923 0
743 0
938 0
328 0
946 0
952 0
662 0
592 0
965 0
764 0
849 0
541 0
469 0
485 0
473 0
679 0
366 0
393 0
971 0
375 0
381 0
344 0
654 0
989 0
536 0
456 0
282 0
142 0
772 0
786 0
878 0
816 0
758 0
851 0
711 0
131 0
113 0
633 0
176 0
184 0
277 0
199 0
298 0
157 0
245 0
125 0
234 0
219 0
914 0
835 0
727 0
795 0
894 0
997 0
529 0
648 0
555 0
447 0
418 0
517 0
615 0
