c Sudoku solution
p cnf 729 0
194 0
245 0
267 0
273 0
298 0
325 0
372 0
386 0
411 0
427 0
436 0
512 0
615 0
644 0
677 0
681 0
289 0
696 0
734 0
524 0
755 0
856 0
899 0
931 0
835 0
232 0
943 0
959 0
557 0
975 0
776 0
171 0
397 0
185 0
221 0
254 0
216 0
314 0
926 0
137 0
351 0
791 0
992 0
482 0
474 0
579 0
588 0
533 0
595 0
493 0
458 0
449 0
465 0
363 0
348 0
152 0
146 0
169 0
339 0
719 0
629 0
638 0
541 0
566 0
861 0
964 0
768 0
653 0
662 0
878 0
884 0
783 0
987 0
722 0
747 0
842 0
817 0
823 0
918 0
113 0
128 0
