c Sudoku solution
p cnf 729 0
157 0
164 0
188 0
191 0
253 0
284 0
296 0
348 0
425 0
451 0
469 0
538 0
543 0
576 0
619 0
645 0
667 0
562 0
554 0
446 0
658 0
732 0
789 0
599 0
585 0
826 0
986 0
636 0
116 0
911 0
517 0
521 0
924 0
939 0
972 0
947 0
955 0
756 0
366 0
265 0
241 0
331 0
314 0
237 0
135 0
434 0
727 0
228 0
212 0
279 0
413 0
622 0
833 0
744 0
173 0
142 0
359 0
129 0
323 0
849 0
852 0
683 0
671 0
694 0
761 0
868 0
963 0
793 0
998 0
775 0
718 0
815 0
881 0
874 0
897 0
377 0
395 0
382 0
478 0
487 0
492 0
