c Sudoku solution
p cnf 729 0
152 0
233 0
241 0
264 0
297 0
324 0
367 0
376 0
434 0
448 0
499 0
516 0
598 0
656 0
486 0
226 0
677 0
681 0
743 0
784 0
819 0
914 0
851 0
844 0
554 0
694 0
174 0
866 0
146 0
925 0
823 0
957 0
887 0
547 0
979 0
942 0
968 0
983 0
771 0
996 0
878 0
931 0
736 0
895 0
792 0
832 0
137 0
345 0
649 0
338 0
129 0
188 0
115 0
311 0
212 0
191 0
393 0
163 0
275 0
289 0
382 0
258 0
359 0
539 0
635 0
453 0
662 0
417 0
613 0
628 0
573 0
718 0
727 0
755 0
769 0
472 0
585 0
421 0
522 0
465 0
561 0
