c Sudoku solution
p cnf 729 0
235 0
262 0
278 0
293 0
326 0
369 0
385 0
394 0
529 0
533 0
545 0
556 0
581 0
622 0
659 0
661 0
684 0
697 0
572 0
598 0
787 0
791 0
823 0
874 0
927 0
932 0
312 0
113 0
941 0
964 0
567 0
514 0
996 0
289 0
192 0
186 0
246 0
139 0
734 0
882 0
988 0
483 0
468 0
643 0
353 0
955 0
763 0
866 0
973 0
716 0
919 0
618 0
636 0
476 0
675 0
499 0
165 0
779 0
895 0
725 0
811 0
838 0
758 0
742 0
857 0
849 0
217 0
415 0
421 0
437 0
224 0
331 0
128 0
348 0
251 0
171 0
377 0
444 0
452 0
147 0
154 0
