c Sudoku solution
p cnf 729 0
125 0
167 0
181 0
242 0
269 0
321 0
251 0
334 0
348 0
387 0
433 0
522 0
545 0
598 0
624 0
643 0
657 0
668 0
715 0
635 0
789 0
858 0
862 0
452 0
897 0
911 0
814 0
531 0
944 0
747 0
146 0
154 0
996 0
583 0
885 0
794 0
376 0
616 0
682 0
486 0
988 0
284 0
679 0
691 0
495 0
275 0
293 0
178 0
113 0
312 0
139 0
192 0
399 0
836 0
226 0
753 0
965 0
959 0
766 0
841 0
771 0
873 0
972 0
732 0
937 0
728 0
829 0
923 0
427 0
519 0
418 0
474 0
577 0
461 0
449 0
564 0
556 0
217 0
238 0
355 0
363 0
