c Sudoku solution
p cnf 729 0
221 0
265 0
293 0
319 0
325 0
337 0
368 0
382 0
431 0
498 0
526 0
544 0
569 0
587 0
591 0
655 0
667 0
641 0
558 0
817 0
427 0
859 0
866 0
923 0
935 0
954 0
164 0
996 0
394 0
772 0
895 0
745 0
692 0
489 0
185 0
979 0
797 0
947 0
848 0
962 0
761 0
753 0
911 0
988 0
784 0
343 0
463 0
199 0
249 0
881 0
873 0
575 0
415 0
474 0
676 0
683 0
371 0
286 0
151 0
356 0
142 0
257 0
128 0
177 0
278 0
822 0
834 0
624 0
618 0
639 0
214 0
232 0
512 0
533 0
113 0
136 0
716 0
729 0
738 0
446 0
452 0
