c Sudoku solution
p cnf 729 0
143 0
165 0
237 0
259 0
261 0
298 0
373 0
414 0
428 0
491 0
558 0
563 0
575 0
629 0
632 0
674 0
688 0
544 0
771 0
783 0
693 0
433 0
615 0
831 0
536 0
894 0
924 0
284 0
225 0
213 0
823 0
953 0
941 0
651 0
969 0
449 0
455 0
462 0
982 0
592 0
589 0
995 0
845 0
735 0
938 0
878 0
799 0
819 0
852 0
118 0
179 0
272 0
122 0
181 0
134 0
339 0
246 0
342 0
157 0
354 0
368 0
196 0
712 0
647 0
666 0
748 0
764 0
756 0
867 0
727 0
916 0
886 0
977 0
311 0
326 0
517 0
521 0
476 0
487 0
385 0
397 0
