c Sudoku solution
p cnf 729 0
129 0
176 0
221 0
268 0
283 0
295 0
324 0
338 0
365 0
435 0
115 0
553 0
562 0
594 0
628 0
632 0
664 0
414 0
679 0
855 0
889 0
399 0
891 0
911 0
531 0
519 0
936 0
739 0
834 0
133 0
343 0
237 0
957 0
985 0
725 0
575 0
645 0
998 0
478 0
548 0
758 0
818 0
371 0
387 0
586 0
527 0
717 0
877 0
613 0
426 0
493 0
482 0
681 0
697 0
656 0
352 0
246 0
259 0
274 0
212 0
316 0
842 0
823 0
922 0
866 0
154 0
451 0
772 0
973 0
796 0
784 0
763 0
741 0
969 0
944 0
147 0
161 0
449 0
467 0
188 0
192 0
