c Sudoku solution
p cnf 729 0
134 0
152 0
183 0
248 0
269 0
377 0
425 0
453 0
467 0
498 0
595 0
624 0
639 0
656 0
681 0
715 0
826 0
838 0
937 0
954 0
814 0
979 0
729 0
991 0
731 0
582 0
673 0
697 0
489 0
199 0
319 0
344 0
363 0
474 0
576 0
533 0
564 0
213 0
912 0
923 0
618 0
432 0
416 0
441 0
549 0
558 0
859 0
861 0
757 0
887 0
147 0
166 0
175 0
271 0
388 0
111 0
128 0
227 0
322 0
255 0
351 0
292 0
396 0
284 0
236 0
335 0
517 0
521 0
872 0
778 0
893 0
985 0
743 0
762 0
845 0
946 0
968 0
642 0
665 0
786 0
794 0
