c Sudoku solution
p cnf 729 0
165 0
224 0
236 0
277 0
295 0
311 0
353 0
366 0
425 0
335 0
442 0
484 0
531 0
543 0
623 0
644 0
514 0
154 0
668 0
749 0
764 0
792 0
828 0
952 0
262 0
259 0
758 0
967 0
863 0
461 0
569 0
851 0
979 0
996 0
988 0
921 0
934 0
913 0
737 0
726 0
715 0
846 0
945 0
218 0
133 0
283 0
241 0
438 0
781 0
773 0
476 0
493 0
616 0
457 0
419 0
527 0
632 0
556 0
655 0
598 0
671 0
117 0
148 0
347 0
812 0
839 0
172 0
129 0
322 0
575 0
582 0
874 0
897 0
885 0
378 0
394 0
389 0
186 0
191 0
687 0
699 0
