c Sudoku solution
p cnf 729 0
123 0
151 0
254 0
262 0
277 0
293 0
322 0
349 0
366 0
353 0
384 0
415 0
452 0
513 0
524 0
539 0
691 0
769 0
659 0
836 0
888 0
935 0
733 0
225 0
248 0
231 0
371 0
395 0
421 0
626 0
632 0
134 0
963 0
873 0
974 0
494 0
986 0
781 0
775 0
678 0
617 0
438 0
467 0
318 0
337 0
165 0
147 0
664 0
861 0
942 0
911 0
541 0
568 0
198 0
289 0
176 0
182 0
119 0
216 0
572 0
479 0
483 0
685 0
446 0
643 0
555 0
845 0
744 0
857 0
756 0
958 0
712 0
814 0
797 0
892 0
999 0
728 0
829 0
927 0
587 0
596 0
