c Sudoku solution
p cnf 729 0
111 0
124 0
167 0
272 0
317 0
389 0
443 0
529 0
544 0
592 0
623 0
649 0
655 0
681 0
756 0
761 0
773 0
583 0
825 0
833 0
213 0
891 0
371 0
241 0
932 0
921 0
322 0
953 0
193 0
363 0
979 0
499 0
987 0
297 0
994 0
916 0
284 0
354 0
864 0
859 0
847 0
742 0
882 0
876 0
818 0
727 0
515 0
719 0
734 0
152 0
139 0
258 0
269 0
235 0
226 0
338 0
428 0
948 0
965 0
146 0
345 0
396 0
486 0
475 0
674 0
698 0
577 0
414 0
612 0
462 0
551 0
457 0
431 0
536 0
637 0
568 0
666 0
178 0
185 0
788 0
795 0
