c Sudoku solution
p cnf 729 0
124 0
151 0
186 0
198 0
275 0
289 0
294 0
328 0
355 0
369 0
344 0
437 0
463 0
488 0
513 0
534 0
566 0
641 0
725 0
748 0
558 0
268 0
777 0
793 0
918 0
878 0
638 0
135 0
119 0
953 0
962 0
167 0
999 0
931 0
336 0
985 0
974 0
896 0
454 0
665 0
415 0
845 0
684 0
673 0
172 0
143 0
312 0
233 0
211 0
227 0
616 0
714 0
817 0
926 0
761 0
864 0
782 0
881 0
739 0
832 0
823 0
756 0
947 0
859 0
246 0
252 0
657 0
692 0
629 0
371 0
397 0
383 0
579 0
476 0
491 0
422 0
521 0
449 0
542 0
587 0
595 0
