c Sudoku solution
p cnf 729 0
128 0
165 0
213 0
284 0
297 0
352 0
375 0
422 0
445 0
483 0
496 0
572 0
232 0
225 0
614 0
623 0
659 0
687 0
744 0
763 0
781 0
816 0
838 0
933 0
857 0
874 0
893 0
924 0
885 0
173 0
343 0
553 0
594 0
695 0
915 0
821 0
712 0
755 0
776 0
977 0
798 0
535 0
368 0
154 0
147 0
334 0
278 0
464 0
567 0
671 0
479 0
588 0
418 0
437 0
451 0
511 0
636 0
529 0
546 0
662 0
648 0
119 0
317 0
131 0
326 0
192 0
391 0
186 0
389 0
727 0
739 0
958 0
966 0
941 0
249 0
842 0
869 0
256 0
261 0
982 0
999 0
