c Sudoku solution
p cnf 729 0
138 0
154 0
162 0
176 0
256 0
324 0
348 0
367 0
375 0
426 0
491 0
555 0
572 0
587 0
627 0
678 0
728 0
737 0
746 0
769 0
795 0
829 0
833 0
842 0
914 0
864 0
815 0
936 0
316 0
999 0
463 0
197 0
217 0
261 0
666 0
568 0
418 0
596 0
965 0
886 0
898 0
958 0
288 0
435 0
452 0
447 0
685 0
693 0
857 0
871 0
977 0
392 0
294 0
523 0
113 0
632 0
534 0
644 0
712 0
921 0
751 0
943 0
982 0
125 0
331 0
222 0
239 0
181 0
149 0
245 0
353 0
273 0
389 0
541 0
659 0
519 0
611 0
774 0
783 0
479 0
484 0
