c Sudoku solution
p cnf 729 0
227 0
232 0
251 0
296 0
315 0
328 0
379 0
411 0
447 0
459 0
486 0
566 0
598 0
614 0
677 0
712 0
725 0
739 0
753 0
833 0
848 0
918 0
875 0
924 0
949 0
987 0
767 0
817 0
116 0
537 0
993 0
791 0
519 0
213 0
129 0
269 0
821 0
936 0
961 0
955 0
856 0
862 0
744 0
788 0
776 0
972 0
626 0
245 0
346 0
585 0
465 0
554 0
438 0
635 0
364 0
143 0
383 0
331 0
134 0
663 0
658 0
352 0
168 0
157 0
397 0
171 0
681 0
699 0
541 0
642 0
573 0
492 0
474 0
423 0
522 0
278 0
284 0
182 0
195 0
889 0
894 0
