c Sudoku solution
p cnf 729 0
128 0
131 0
186 0
195 0
235 0
249 0
272 0
314 0
356 0
371 0
437 0
523 0
536 0
567 0
624 0
675 0
682 0
697 0
769 0
816 0
226 0
862 0
885 0
891 0
957 0
968 0
974 0
992 0
946 0
666 0
579 0
119 0
989 0
933 0
213 0
332 0
327 0
287 0
294 0
173 0
164 0
363 0
152 0
147 0
261 0
258 0
345 0
717 0
829 0
877 0
838 0
734 0
722 0
639 0
459 0
755 0
741 0
465 0
421 0
618 0
515 0
412 0
581 0
542 0
651 0
643 0
911 0
925 0
844 0
853 0
448 0
554 0
598 0
476 0
778 0
796 0
783 0
484 0
493 0
388 0
399 0
