c Sudoku solution
p cnf 729 0
188 0
195 0
228 0
231 0
254 0
323 0
337 0
361 0
171 0
394 0
451 0
463 0
544 0
622 0
656 0
677 0
746 0
784 0
474 0
829 0
867 0
964 0
124 0
891 0
941 0
933 0
976 0
985 0
927 0
797 0
575 0
287 0
992 0
883 0
878 0
779 0
753 0
959 0
768 0
918 0
143 0
157 0
447 0
517 0
613 0
521 0
634 0
681 0
711 0
725 0
732 0
814 0
836 0
426 0
435 0
419 0
538 0
498 0
699 0
482 0
139 0
358 0
648 0
665 0
855 0
842 0
552 0
569 0
273 0
372 0
586 0
593 0
389 0
296 0
262 0
166 0
112 0
215 0
316 0
249 0
345 0
