c Sudoku solution
p cnf 729 0
226 0
243 0
265 0
313 0
352 0
367 0
379 0
492 0
527 0
534 0
542 0
588 0
669 0
677 0
686 0
828 0
839 0
847 0
457 0
876 0
885 0
922 0
862 0
937 0
966 0
974 0
991 0
893 0
989 0
915 0
953 0
948 0
599 0
516 0
446 0
736 0
723 0
633 0
612 0
658 0
156 0
396 0
338 0
325 0
418 0
435 0
621 0
429 0
124 0
168 0
381 0
344 0
645 0
464 0
563 0
551 0
694 0
575 0
755 0
749 0
141 0
259 0
132 0
231 0
119 0
217 0
854 0
761 0
714 0
811 0
471 0
483 0
173 0
187 0
195 0
284 0
272 0
298 0
778 0
782 0
797 0
