c Sudoku solution
p cnf 729 0
125 0
179 0
216 0
259 0
261 0
331 0
347 0
355 0
422 0
454 0
473 0
521 0
589 0
613 0
636 0
694 0
723 0
756 0
768 0
772 0
874 0
911 0
671 0
441 0
851 0
926 0
935 0
943 0
964 0
952 0
867 0
999 0
233 0
988 0
977 0
376 0
578 0
275 0
534 0
714 0
737 0
749 0
845 0
132 0
812 0
515 0
191 0
781 0
795 0
829 0
838 0
319 0
439 0
418 0
627 0
669 0
465 0
685 0
592 0
546 0
563 0
642 0
557 0
658 0
117 0
362 0
166 0
153 0
184 0
383 0
398 0
148 0
244 0
228 0
324 0
282 0
297 0
886 0
893 0
487 0
496 0
