c Sudoku solution
p cnf 729 0
138 0
216 0
231 0
248 0
263 0
314 0
322 0
355 0
478 0
482 0
536 0
542 0
568 0
577 0
589 0
634 0
612 0
628 0
681 0
793 0
673 0
817 0
864 0
925 0
724 0
826 0
115 0
435 0
427 0
419 0
595 0
494 0
696 0
554 0
521 0
513 0
123 0
383 0
398 0
229 0
337 0
144 0
939 0
833 0
732 0
943 0
453 0
967 0
787 0
647 0
665 0
659 0
162 0
257 0
292 0
186 0
197 0
151 0
179 0
371 0
899 0
991 0
841 0
745 0
769 0
711 0
918 0
776 0
758 0
956 0
852 0
875 0
972 0
984 0
888 0
446 0
461 0
349 0
366 0
274 0
285 0
