c Sudoku solution
p cnf 729 0
129 0
134 0
171 0
183 0
357 0
366 0
392 0
428 0
451 0
523 0
532 0
642 0
686 0
755 0
774 0
868 0
897 0
117 0
196 0
936 0
746 0
876 0
226 0
212 0
416 0
556 0
943 0
793 0
964 0
767 0
841 0
927 0
261 0
253 0
654 0
548 0
514 0
824 0
722 0
447 0
637 0
145 0
162 0
158 0
998 0
678 0
473 0
482 0
494 0
663 0
972 0
852 0
959 0
321 0
625 0
611 0
439 0
465 0
569 0
699 0
915 0
731 0
718 0
789 0
981 0
885 0
313 0
819 0
833 0
591 0
587 0
575 0
379 0
295 0
277 0
238 0
335 0
284 0
388 0
249 0
344 0
