c Sudoku solution
p cnf 729 0
216 0
234 0
261 0
277 0
299 0
313 0
356 0
372 0
459 0
496 0
536 0
557 0
592 0
612 0
681 0
729 0
767 0
791 0
171 0
186 0
848 0
928 0
826 0
945 0
952 0
851 0
969 0
746 0
976 0
666 0
983 0
193 0
644 0
575 0
698 0
487 0
778 0
627 0
474 0
673 0
589 0
639 0
435 0
655 0
119 0
349 0
147 0
337 0
321 0
138 0
423 0
524 0
931 0
154 0
753 0
864 0
732 0
833 0
882 0
879 0
243 0
162 0
125 0
222 0
442 0
541 0
468 0
563 0
411 0
518 0
258 0
365 0
285 0
394 0
388 0
784 0
997 0
895 0
715 0
914 0
817 0
