c Sudoku solution
p cnf 729 0
163 0
189 0
238 0
296 0
313 0
352 0
387 0
492 0
521 0
548 0
557 0
562 0
575 0
645 0
676 0
684 0
583 0
599 0
273 0
725 0
767 0
822 0
869 0
661 0
878 0
488 0
471 0
697 0
374 0
172 0
212 0
632 0
779 0
977 0
893 0
924 0
794 0
628 0
619 0
653 0
939 0
733 0
423 0
943 0
742 0
982 0
958 0
718 0
368 0
198 0
127 0
229 0
326 0
247 0
349 0
459 0
514 0
536 0
134 0
837 0
417 0
435 0
115 0
331 0
395 0
281 0
786 0
751 0
141 0
156 0
885 0
991 0
811 0
916 0
854 0
846 0
965 0
444 0
466 0
255 0
264 0
