c Sudoku solution
p cnf 729 0
132 0
188 0
234 0
251 0
279 0
286 0
352 0
292 0
375 0
394 0
455 0
487 0
518 0
567 0
624 0
658 0
663 0
672 0
691 0
721 0
798 0
478 0
827 0
881 0
171 0
383 0
197 0
896 0
576 0
584 0
559 0
646 0
969 0
941 0
789 0
982 0
995 0
542 0
461 0
444 0
531 0
311 0
422 0
685 0
593 0
499 0
525 0
973 0
874 0
777 0
957 0
853 0
745 0
848 0
862 0
712 0
914 0
733 0
436 0
413 0
116 0
215 0
337 0
366 0
268 0
247 0
349 0
129 0
223 0
328 0
819 0
835 0
617 0
639 0
926 0
938 0
143 0
154 0
165 0
756 0
764 0
