c Sudoku solution
p cnf 729 0
155 0
194 0
269 0
358 0
379 0
381 0
397 0
435 0
477 0
548 0
557 0
562 0
622 0
631 0
617 0
644 0
665 0
698 0
768 0
795 0
833 0
861 0
872 0
887 0
914 0
854 0
364 0
945 0
959 0
846 0
899 0
932 0
336 0
449 0
451 0
689 0
673 0
656 0
463 0
166 0
967 0
178 0
238 0
224 0
247 0
141 0
211 0
484 0
492 0
534 0
774 0
721 0
737 0
719 0
926 0
786 0
529 0
513 0
112 0
183 0
253 0
342 0
315 0
323 0
818 0
825 0
416 0
428 0
127 0
139 0
743 0
752 0
971 0
993 0
988 0
591 0
282 0
296 0
275 0
576 0
585 0
