c Sudoku solution
p cnf 729 0
138 0
181 0
192 0
251 0
269 0
295 0
319 0
179 0
344 0
378 0
248 0
396 0
424 0
114 0
432 0
453 0
467 0
529 0
531 0
321 0
545 0
597 0
728 0
777 0
843 0
859 0
868 0
882 0
911 0
936 0
739 0
834 0
891 0
876 0
672 0
471 0
975 0
942 0
964 0
957 0
712 0
923 0
222 0
216 0
626 0
163 0
147 0
156 0
125 0
827 0
815 0
418 0
513 0
485 0
586 0
446 0
649 0
661 0
499 0
688 0
574 0
693 0
562 0
558 0
654 0
617 0
635 0
741 0
352 0
365 0
755 0
766 0
273 0
387 0
284 0
237 0
333 0
783 0
794 0
989 0
998 0
