c Sudoku solution
p cnf 729 0
128 0
137 0
152 0
181 0
196 0
225 0
277 0
359 0
426 0
435 0
546 0
579 0
119 0
594 0
629 0
662 0
688 0
676 0
693 0
585 0
784 0
797 0
487 0
833 0
868 0
891 0
471 0
492 0
915 0
395 0
951 0
983 0
886 0
999 0
849 0
739 0
469 0
382 0
289 0
298 0
348 0
367 0
214 0
232 0
374 0
173 0
634 0
721 0
323 0
522 0
413 0
444 0
458 0
145 0
164 0
655 0
854 0
966 0
947 0
742 0
812 0
716 0
938 0
778 0
875 0
972 0
827 0
924 0
311 0
336 0
617 0
531 0
518 0
563 0
641 0
557 0
243 0
261 0
256 0
753 0
765 0
