c Sudoku solution
p cnf 729 0
133 0
165 0
184 0
199 0
239 0
283 0
291 0
316 0
325 0
275 0
176 0
421 0
449 0
487 0
536 0
554 0
637 0
658 0
666 0
496 0
685 0
693 0
756 0
246 0
789 0
929 0
826 0
986 0
953 0
971 0
581 0
641 0
998 0
882 0
388 0
592 0
372 0
397 0
714 0
795 0
894 0
619 0
579 0
478 0
674 0
434 0
622 0
224 0
331 0
151 0
359 0
811 0
723 0
917 0
761 0
777 0
873 0
127 0
528 0
869 0
268 0
257 0
142 0
118 0
212 0
748 0
732 0
935 0
838 0
944 0
962 0
343 0
364 0
452 0
463 0
567 0
545 0
415 0
513 0
847 0
855 0
