c Sudoku solution
p cnf 729 0
125 0
143 0
258 0
274 0
289 0
318 0
349 0
386 0
419 0
139 0
427 0
472 0
581 0
597 0
614 0
636 0
688 0
738 0
528 0
853 0
871 0
929 0
934 0
324 0
976 0
496 0
484 0
178 0
987 0
377 0
182 0
191 0
885 0
783 0
779 0
913 0
869 0
715 0
721 0
211 0
512 0
623 0
431 0
535 0
455 0
448 0
463 0
573 0
898 0
794 0
992 0
844 0
546 0
968 0
951 0
945 0
641 0
352 0
361 0
247 0
265 0
117 0
226 0
232 0
333 0
293 0
395 0
816 0
822 0
837 0
742 0
662 0
657 0
756 0
767 0
154 0
166 0
559 0
564 0
675 0
699 0
