c Sudoku solution
p cnf 729 0
138 0
163 0
181 0
197 0
232 0
246 0
298 0
319 0
336 0
176 0
383 0
455 0
493 0
512 0
575 0
584 0
596 0
626 0
466 0
662 0
678 0
753 0
771 0
691 0
835 0
615 0
114 0
125 0
859 0
956 0
152 0
149 0
569 0
911 0
964 0
995 0
285 0
279 0
254 0
657 0
689 0
799 0
737 0
724 0
527 0
418 0
217 0
223 0
321 0
261 0
358 0
813 0
939 0
716 0
886 0
973 0
429 0
551 0
444 0
643 0
548 0
431 0
533 0
634 0
841 0
788 0
742 0
947 0
765 0
868 0
877 0
894 0
982 0
822 0
928 0
345 0
367 0
374 0
392 0
472 0
487 0
