c Sudoku solution
p cnf 729 0
121 0
144 0
193 0
233 0
242 0
279 0
285 0
348 0
365 0
353 0
441 0
487 0
498 0
574 0
595 0
637 0
673 0
689 0
713 0
739 0
764 0
836 0
863 0
983 0
543 0
423 0
888 0
178 0
384 0
332 0
135 0
182 0
434 0
654 0
912 0
925 0
994 0
899 0
949 0
646 0
455 0
615 0
691 0
586 0
472 0
469 0
416 0
159 0
166 0
117 0
319 0
326 0
296 0
529 0
622 0
668 0
562 0
557 0
251 0
267 0
961 0
938 0
811 0
824 0
727 0
745 0
847 0
852 0
875 0
977 0
758 0
956 0
518 0
531 0
214 0
228 0
792 0
776 0
781 0
371 0
397 0
