c Sudoku solution
p cnf 729 0
121 0
138 0
154 0
215 0
232 0
267 0
298 0
372 0
384 0
224 0
541 0
569 0
573 0
588 0
623 0
636 0
675 0
744 0
761 0
827 0
834 0
845 0
866 0
959 0
962 0
142 0
977 0
994 0
757 0
474 0
664 0
514 0
981 0
811 0
431 0
271 0
351 0
691 0
176 0
778 0
879 0
858 0
943 0
935 0
537 0
652 0
283 0
256 0
249 0
348 0
446 0
555 0
453 0
468 0
647 0
425 0
522 0
596 0
419 0
618 0
689 0
712 0
733 0
729 0
916 0
928 0
326 0
339 0
882 0
893 0
487 0
492 0
786 0
795 0
185 0
397 0
199 0
163 0
365 0
117 0
313 0
