c Sudoku solution
p cnf 729 0
119 0
182 0
293 0
353 0
364 0
381 0
395 0
413 0
432 0
446 0
526 0
544 0
639 0
658 0
662 0
738 0
742 0
252 0
796 0
827 0
859 0
891 0
911 0
923 0
812 0
729 0
322 0
133 0
948 0
956 0
754 0
761 0
967 0
715 0
836 0
934 0
337 0
349 0
376 0
166 0
268 0
216 0
318 0
614 0
517 0
428 0
697 0
457 0
471 0
686 0
551 0
535 0
621 0
231 0
141 0
155 0
247 0
124 0
225 0
198 0
177 0
773 0
787 0
675 0
583 0
465 0
643 0
569 0
845 0
863 0
985 0
888 0
874 0
279 0
284 0
578 0
592 0
972 0
999 0
489 0
494 0
