c Sudoku solution
p cnf 729 0
114 0
254 0
278 0
291 0
338 0
355 0
366 0
377 0
383 0
394 0
464 0
497 0
534 0
546 0
571 0
649 0
662 0
733 0
821 0
839 0
852 0
868 0
895 0
972 0
988 0
781 0
887 0
816 0
684 0
993 0
874 0
843 0
956 0
969 0
941 0
744 0
765 0
757 0
924 0
342 0
311 0
329 0
247 0
148 0
445 0
567 0
159 0
161 0
263 0
123 0
137 0
289 0
627 0
917 0
935 0
419 0
599 0
698 0
779 0
796 0
192 0
613 0
553 0
651 0
458 0
431 0
636 0
473 0
486 0
582 0
675 0
422 0
728 0
712 0
215 0
232 0
226 0
518 0
525 0
176 0
185 0
