c Sudoku solution
p cnf 729 0
138 0
152 0
165 0
181 0
222 0
293 0
324 0
337 0
363 0
375 0
421 0
435 0
215 0
469 0
519 0
543 0
613 0
116 0
123 0
311 0
239 0
628 0
651 0
684 0
764 0
825 0
847 0
859 0
878 0
932 0
814 0
412 0
636 0
534 0
527 0
946 0
929 0
726 0
356 0
566 0
473 0
276 0
591 0
572 0
558 0
645 0
662 0
457 0
444 0
585 0
742 0
861 0
968 0
718 0
917 0
833 0
731 0
779 0
971 0
994 0
241 0
254 0
149 0
267 0
348 0
288 0
174 0
197 0
677 0
699 0
983 0
787 0
795 0
753 0
955 0
486 0
498 0
882 0
896 0
389 0
392 0
