c Sudoku solution
p cnf 729 0
127 0
133 0
212 0
266 0
334 0
373 0
399 0
488 0
517 0
531 0
558 0
574 0
622 0
677 0
686 0
691 0
751 0
782 0
836 0
932 0
737 0
852 0
949 0
953 0
746 0
456 0
526 0
316 0
243 0
968 0
984 0
997 0
976 0
196 0
172 0
294 0
278 0
638 0
871 0
911 0
925 0
542 0
492 0
362 0
439 0
475 0
593 0
589 0
615 0
565 0
644 0
659 0
663 0
235 0
154 0
355 0
185 0
845 0
764 0
867 0
257 0
169 0
141 0
348 0
118 0
321 0
229 0
281 0
387 0
447 0
461 0
779 0
795 0
898 0
883 0
728 0
713 0
824 0
819 0
414 0
423 0
