c Sudoku solution
p cnf 729 0
214 0
236 0
257 0
289 0
325 0
353 0
368 0
372 0
483 0
519 0
634 0
642 0
656 0
727 0
763 0
543 0
792 0
582 0
831 0
846 0
166 0
878 0
928 0
824 0
298 0
129 0
337 0
311 0
349 0
688 0
935 0
716 0
739 0
133 0
222 0
118 0
152 0
144 0
273 0
623 0
432 0
538 0
977 0
885 0
859 0
867 0
962 0
941 0
954 0
812 0
913 0
893 0
999 0
986 0
245 0
261 0
748 0
755 0
447 0
458 0
415 0
617 0
551 0
526 0
421 0
476 0
597 0
679 0
691 0
575 0
494 0
469 0
564 0
665 0
774 0
781 0
171 0
384 0
396 0
187 0
195 0
