c Sudoku solution
p cnf 729 0
126 0
133 0
185 0
248 0
291 0
325 0
366 0
399 0
436 0
459 0
471 0
497 0
539 0
541 0
574 0
657 0
662 0
727 0
517 0
735 0
794 0
842 0
854 0
895 0
675 0
689 0
415 0
945 0
979 0
986 0
816 0
967 0
276 0
838 0
384 0
422 0
523 0
628 0
921 0
829 0
224 0
212 0
237 0
331 0
318 0
119 0
269 0
255 0
283 0
611 0
634 0
713 0
914 0
932 0
749 0
756 0
646 0
596 0
582 0
693 0
488 0
151 0
164 0
352 0
343 0
147 0
377 0
444 0
463 0
953 0
861 0
768 0
781 0
772 0
998 0
558 0
565 0
178 0
192 0
873 0
887 0
