c Sudoku solution
p cnf 729 0
141 0
229 0
238 0
252 0
296 0
313 0
354 0
385 0
415 0
493 0
526 0
531 0
647 0
678 0
686 0
737 0
758 0
773 0
899 0
935 0
125 0
942 0
974 0
876 0
795 0
575 0
998 0
188 0
283 0
194 0
214 0
321 0
117 0
271 0
245 0
267 0
427 0
518 0
828 0
923 0
633 0
439 0
624 0
612 0
589 0
597 0
562 0
544 0
553 0
484 0
472 0
691 0
811 0
722 0
834 0
781 0
987 0
882 0
843 0
764 0
163 0
857 0
865 0
655 0
669 0
179 0
132 0
336 0
156 0
368 0
349 0
448 0
746 0
961 0
959 0
719 0
916 0
451 0
466 0
377 0
392 0
