c Sudoku solution
p cnf 729 0
157 0
176 0
211 0
225 0
236 0
362 0
418 0
421 0
439 0
444 0
493 0
541 0
574 0
585 0
737 0
755 0
465 0
826 0
842 0
867 0
647 0
888 0
913 0
956 0
346 0
145 0
452 0
477 0
486 0
796 0
968 0
949 0
743 0
873 0
728 0
248 0
982 0
997 0
712 0
924 0
819 0
615 0
516 0
527 0
666 0
317 0
114 0
634 0
287 0
272 0
161 0
851 0
764 0
894 0
975 0
835 0
931 0
395 0
384 0
371 0
183 0
299 0
198 0
132 0
129 0
338 0
323 0
254 0
263 0
359 0
622 0
533 0
592 0
569 0
653 0
558 0
779 0
781 0
678 0
689 0
691 0
