c Sudoku solution
p cnf 729 0
196 0
257 0
271 0
316 0
337 0
375 0
389 0
394 0
469 0
482 0
528 0
547 0
586 0
599 0
624 0
655 0
495 0
735 0
515 0
768 0
773 0
574 0
797 0
811 0
926 0
876 0
979 0
172 0
187 0
944 0
454 0
756 0
965 0
867 0
885 0
784 0
741 0
834 0
917 0
938 0
823 0
953 0
898 0
992 0
981 0
413 0
427 0
478 0
677 0
648 0
446 0
431 0
532 0
619 0
636 0
662 0
712 0
729 0
266 0
164 0
118 0
214 0
358 0
852 0
849 0
159 0
361 0
121 0
322 0
225 0
145 0
133 0
239 0
242 0
343 0
551 0
563 0
683 0
691 0
288 0
293 0
