c Sudoku solution
p cnf 729 0
112 0
125 0
161 0
268 0
286 0
333 0
374 0
391 0
434 0
448 0
466 0
489 0
539 0
554 0
144 0
578 0
621 0
652 0
669 0
684 0
719 0
735 0
743 0
563 0
767 0
826 0
855 0
365 0
897 0
231 0
214 0
864 0
962 0
832 0
522 0
595 0
415 0
645 0
516 0
136 0
985 0
275 0
937 0
638 0
994 0
724 0
318 0
617 0
423 0
492 0
888 0
758 0
928 0
772 0
781 0
796 0
471 0
587 0
457 0
541 0
849 0
811 0
913 0
873 0
979 0
946 0
951 0
356 0
329 0
227 0
242 0
347 0
382 0
676 0
693 0
177 0
183 0
299 0
198 0
159 0
253 0
