c Sudoku solution
p cnf 729 0
123 0
226 0
238 0
251 0
269 0
283 0
344 0
357 0
363 0
385 0
529 0
582 0
596 0
376 0
398 0
666 0
671 0
737 0
762 0
819 0
339 0
845 0
242 0
215 0
117 0
134 0
881 0
189 0
191 0
172 0
928 0
932 0
824 0
725 0
892 0
953 0
964 0
997 0
975 0
986 0
867 0
911 0
741 0
949 0
312 0
321 0
146 0
294 0
277 0
547 0
448 0
643 0
635 0
699 0
495 0
461 0
565 0
554 0
531 0
459 0
652 0
422 0
627 0
487 0
155 0
168 0
779 0
784 0
878 0
793 0
716 0
833 0
758 0
856 0
436 0
474 0
573 0
688 0
413 0
518 0
614 0
