c Sudoku solution
p cnf 729 0
166 0
193 0
239 0
254 0
295 0
313 0
322 0
398 0
451 0
531 0
547 0
555 0
576 0
599 0
612 0
688 0
756 0
848 0
158 0
884 0
914 0
518 0
468 0
228 0
927 0
972 0
778 0
938 0
852 0
732 0
357 0
492 0
583 0
562 0
524 0
873 0
723 0
694 0
671 0
444 0
646 0
433 0
637 0
625 0
121 0
764 0
867 0
277 0
117 0
216 0
386 0
419 0
426 0
829 0
836 0
815 0
711 0
797 0
891 0
996 0
281 0
182 0
242 0
263 0
943 0
961 0
959 0
745 0
789 0
985 0
341 0
149 0
365 0
135 0
334 0
174 0
379 0
653 0
669 0
475 0
487 0
