c Sudoku solution
p cnf 729 0
116 0
193 0
229 0
325 0
332 0
366 0
384 0
422 0
447 0
565 0
571 0
596 0
627 0
587 0
639 0
436 0
653 0
646 0
719 0
734 0
763 0
785 0
792 0
849 0
559 0
542 0
169 0
883 0
473 0
931 0
891 0
121 0
214 0
524 0
923 0
835 0
281 0
276 0
986 0
489 0
998 0
777 0
874 0
979 0
378 0
182 0
175 0
297 0
399 0
137 0
313 0
238 0
357 0
341 0
243 0
255 0
262 0
518 0
533 0
748 0
751 0
856 0
726 0
828 0
945 0
144 0
158 0
952 0
867 0
964 0
812 0
917 0
454 0
694 0
672 0
688 0
495 0
411 0
615 0
468 0
661 0
