c Sudoku solution
p cnf 729 0
216 0
248 0
269 0
295 0
311 0
339 0
352 0
366 0
374 0
526 0
533 0
585 0
594 0
624 0
665 0
679 0
688 0
843 0
881 0
892 0
919 0
859 0
429 0
549 0
938 0
951 0
721 0
271 0
561 0
141 0
975 0
996 0
836 0
113 0
253 0
234 0
923 0
463 0
693 0
491 0
631 0
773 0
383 0
282 0
227 0
122 0
135 0
328 0
345 0
397 0
825 0
415 0
518 0
458 0
444 0
642 0
656 0
557 0
572 0
432 0
617 0
712 0
737 0
814 0
962 0
947 0
868 0
764 0
789 0
984 0
877 0
798 0
746 0
755 0
154 0
167 0
476 0
487 0
178 0
186 0
199 0
