c Sudoku solution
p cnf 729 0
214 0
293 0
325 0
331 0
364 0
376 0
382 0
524 0
545 0
581 0
596 0
622 0
633 0
647 0
651 0
666 0
689 0
694 0
826 0
852 0
863 0
891 0
935 0
969 0
978 0
675 0
415 0
421 0
618 0
436 0
116 0
885 0
195 0
288 0
498 0
462 0
568 0
572 0
553 0
161 0
271 0
927 0
819 0
877 0
992 0
799 0
712 0
911 0
723 0
741 0
774 0
786 0
983 0
738 0
834 0
848 0
313 0
143 0
242 0
256 0
265 0
132 0
128 0
517 0
539 0
229 0
237 0
946 0
954 0
444 0
459 0
349 0
358 0
157 0
184 0
179 0
397 0
755 0
767 0
473 0
487 0
