c Sudoku solution
p cnf 729 0
168 0
233 0
246 0
257 0
349 0
351 0
377 0
386 0
454 0
478 0
489 0
538 0
563 0
393 0
585 0
659 0
648 0
687 0
673 0
813 0
423 0
821 0
845 0
155 0
143 0
924 0
744 0
935 0
942 0
552 0
969 0
761 0
867 0
991 0
976 0
797 0
775 0
917 0
295 0
288 0
181 0
211 0
571 0
547 0
441 0
631 0
437 0
127 0
884 0
782 0
879 0
983 0
898 0
832 0
753 0
958 0
856 0
334 0
362 0
264 0
174 0
272 0
199 0
112 0
229 0
136 0
492 0
622 0
325 0
318 0
728 0
526 0
415 0
614 0
519 0
466 0
665 0
594 0
696 0
716 0
739 0
