c Sudoku solution
p cnf 729 0
115 0
123 0
159 0
167 0
287 0
351 0
385 0
461 0
473 0
534 0
562 0
611 0
639 0
513 0
648 0
672 0
694 0
686 0
795 0
575 0
827 0
625 0
663 0
657 0
556 0
549 0
528 0
597 0
581 0
879 0
489 0
498 0
882 0
929 0
769 0
931 0
835 0
733 0
221 0
983 0
996 0
891 0
741 0
947 0
777 0
171 0
192 0
955 0
752 0
912 0
454 0
445 0
265 0
138 0
146 0
184 0
866 0
974 0
788 0
818 0
844 0
853 0
968 0
214 0
319 0
337 0
299 0
393 0
716 0
724 0
417 0
243 0
342 0
258 0
364 0
232 0
326 0
276 0
378 0
422 0
436 0
