c Sudoku solution
p cnf 729 0
146 0
169 0
177 0
239 0
257 0
262 0
285 0
348 0
389 0
416 0
447 0
458 0
474 0
587 0
611 0
652 0
663 0
722 0
845 0
942 0
886 0
688 0
891 0
872 0
913 0
853 0
984 0
783 0
243 0
936 0
967 0
797 0
975 0
214 0
928 0
731 0
715 0
951 0
868 0
778 0
999 0
541 0
465 0
481 0
595 0
492 0
573 0
433 0
429 0
524 0
566 0
644 0
559 0
819 0
317 0
827 0
834 0
625 0
637 0
749 0
361 0
756 0
764 0
271 0
182 0
121 0
226 0
323 0
118 0
135 0
332 0
193 0
376 0
394 0
298 0
154 0
355 0
512 0
538 0
679 0
696 0
