c Sudoku solution
p cnf 729 0
151 0
168 0
221 0
246 0
253 0
388 0
399 0
371 0
417 0
439 0
466 0
472 0
532 0
595 0
618 0
238 0
655 0
425 0
673 0
443 0
759 0
763 0
784 0
481 0
816 0
956 0
883 0
193 0
931 0
511 0
523 0
913 0
333 0
326 0
624 0
636 0
697 0
689 0
586 0
834 0
176 0
796 0
891 0
741 0
642 0
661 0
944 0
114 0
219 0
149 0
569 0
985 0
992 0
967 0
275 0
294 0
135 0
312 0
127 0
182 0
287 0
262 0
715 0
737 0
722 0
778 0
877 0
979 0
829 0
928 0
852 0
865 0
848 0
345 0
364 0
357 0
547 0
574 0
498 0
454 0
558 0
