c Sudoku solution
p cnf 729 0
123 0
149 0
212 0
225 0
247 0
268 0
283 0
316 0
337 0
463 0
488 0
587 0
627 0
457 0
642 0
658 0
665 0
673 0
731 0
795 0
833 0
993 0
513 0
864 0
896 0
197 0
398 0
935 0
415 0
575 0
951 0
969 0
767 0
559 0
977 0
817 0
291 0
982 0
138 0
528 0
699 0
719 0
918 0
822 0
752 0
855 0
743 0
848 0
946 0
726 0
924 0
778 0
784 0
353 0
345 0
185 0
566 0
541 0
444 0
492 0
594 0
532 0
389 0
239 0
114 0
321 0
161 0
362 0
172 0
374 0
276 0
156 0
254 0
611 0
429 0
634 0
436 0
471 0
686 0
879 0
881 0
