c Sudoku solution
p cnf 729 0
123 0
131 0
142 0
198 0
235 0
261 0
276 0
318 0
363 0
453 0
489 0
491 0
567 0
572 0
588 0
594 0
617 0
477 0
711 0
774 0
834 0
846 0
879 0
978 0
371 0
673 0
175 0
892 0
932 0
981 0
851 0
996 0
686 0
695 0
337 0
399 0
344 0
355 0
382 0
326 0
736 0
533 0
438 0
639 0
445 0
728 0
868 0
929 0
827 0
525 0
621 0
516 0
466 0
559 0
541 0
648 0
258 0
156 0
169 0
247 0
187 0
284 0
293 0
114 0
222 0
219 0
412 0
424 0
943 0
749 0
915 0
813 0
885 0
765 0
752 0
964 0
957 0
654 0
662 0
783 0
797 0
