c Sudoku solution
p cnf 729 0
195 0
222 0
235 0
268 0
277 0
331 0
384 0
463 0
527 0
549 0
564 0
598 0
628 0
632 0
666 0
679 0
681 0
721 0
837 0
856 0
878 0
188 0
318 0
117 0
893 0
613 0
536 0
694 0
916 0
923 0
133 0
947 0
645 0
657 0
367 0
355 0
989 0
882 0
991 0
712 0
171 0
861 0
844 0
154 0
214 0
424 0
439 0
819 0
825 0
329 0
126 0
142 0
169 0
299 0
759 0
743 0
958 0
962 0
765 0
975 0
774 0
738 0
934 0
346 0
253 0
241 0
286 0
373 0
392 0
448 0
583 0
572 0
476 0
485 0
497 0
452 0
551 0
411 0
515 0
787 0
796 0
