c Sudoku solution
p cnf 729 0
168 0
196 0
214 0
249 0
262 0
331 0
357 0
364 0
432 0
483 0
534 0
567 0
582 0
595 0
637 0
655 0
642 0
674 0
184 0
699 0
741 0
816 0
236 0
346 0
145 0
869 0
885 0
891 0
923 0
911 0
838 0
133 0
151 0
253 0
965 0
939 0
735 0
994 0
389 0
779 0
497 0
298 0
543 0
613 0
763 0
792 0
873 0
717 0
724 0
822 0
854 0
952 0
847 0
756 0
948 0
788 0
444 0
393 0
628 0
519 0
415 0
459 0
558 0
478 0
318 0
112 0
325 0
227 0
129 0
177 0
372 0
275 0
281 0
571 0
686 0
526 0
421 0
466 0
661 0
976 0
987 0
