c Sudoku solution
p cnf 729 0
251 0
264 0
272 0
289 0
319 0
327 0
333 0
342 0
436 0
458 0
575 0
617 0
629 0
652 0
666 0
691 0
716 0
822 0
831 0
897 0
247 0
293 0
226 0
915 0
218 0
235 0
425 0
645 0
923 0
814 0
728 0
939 0
737 0
948 0
956 0
967 0
762 0
741 0
754 0
146 0
355 0
368 0
865 0
557 0
783 0
779 0
795 0
673 0
185 0
177 0
198 0
474 0
688 0
487 0
544 0
521 0
461 0
634 0
538 0
111 0
124 0
132 0
971 0
376 0
381 0
394 0
878 0
886 0
984 0
992 0
582 0
499 0
596 0
412 0
513 0
443 0
569 0
849 0
853 0
159 0
163 0
