c Sudoku solution
p cnf 729 0
191 0
235 0
246 0
274 0
282 0
341 0
355 0
386 0
393 0
423 0
514 0
557 0
562 0
629 0
636 0
648 0
734 0
742 0
152 0
797 0
831 0
538 0
856 0
466 0
895 0
916 0
776 0
126 0
324 0
596 0
927 0
822 0
939 0
133 0
944 0
884 0
965 0
164 0
228 0
211 0
267 0
253 0
149 0
368 0
117 0
332 0
319 0
377 0
299 0
521 0
437 0
725 0
847 0
543 0
661 0
654 0
459 0
445 0
471 0
494 0
692 0
488 0
412 0
615 0
972 0
998 0
818 0
713 0
769 0
863 0
758 0
951 0
781 0
983 0
879 0
673 0
687 0
178 0
185 0
575 0
589 0
