c Sudoku solution
p cnf 729 0
221 0
249 0
298 0
318 0
363 0
382 0
412 0
469 0
481 0
529 0
556 0
561 0
587 0
592 0
626 0
647 0
652 0
674 0
693 0
689 0
727 0
437 0
734 0
775 0
578 0
495 0
476 0
819 0
891 0
944 0
884 0
454 0
514 0
264 0
232 0
967 0
877 0
972 0
822 0
273 0
999 0
796 0
759 0
185 0
286 0
988 0
783 0
711 0
951 0
838 0
615 0
631 0
533 0
428 0
443 0
545 0
668 0
217 0
255 0
853 0
846 0
865 0
341 0
357 0
166 0
142 0
158 0
171 0
379 0
113 0
124 0
325 0
197 0
394 0
139 0
336 0
916 0
923 0
935 0
748 0
762 0
