c Sudoku solution
p cnf 729 0
143 0
218 0
246 0
281 0
295 0
314 0
355 0
464 0
512 0
556 0
588 0
627 0
659 0
673 0
684 0
752 0
799 0
831 0
868 0
874 0
194 0
254 0
917 0
938 0
778 0
428 0
648 0
158 0
398 0
383 0
982 0
822 0
741 0
953 0
857 0
944 0
787 0
893 0
451 0
563 0
223 0
189 0
486 0
885 0
849 0
816 0
929 0
766 0
965 0
636 0
419 0
433 0
579 0
475 0
713 0
545 0
662 0
447 0
492 0
691 0
597 0
521 0
615 0
534 0
111 0
326 0
125 0
361 0
176 0
724 0
735 0
342 0
167 0
269 0
132 0
272 0
377 0
237 0
339 0
971 0
996 0
