c Sudoku solution
p cnf 729 0
153 0
198 0
231 0
246 0
285 0
316 0
338 0
349 0
365 0
371 0
411 0
513 0
522 0
557 0
596 0
627 0
656 0
668 0
428 0
436 0
258 0
772 0
844 0
866 0
879 0
951 0
967 0
147 0
161 0
217 0
477 0
975 0
176 0
578 0
986 0
726 0
821 0
125 0
994 0
714 0
262 0
354 0
323 0
929 0
224 0
184 0
273 0
299 0
674 0
464 0
569 0
534 0
545 0
641 0
443 0
452 0
489 0
581 0
495 0
683 0
692 0
942 0
855 0
759 0
748 0
763 0
735 0
837 0
933 0
888 0
893 0
812 0
918 0
119 0
132 0
615 0
639 0
787 0
791 0
382 0
397 0
