c Sudoku solution
p cnf 729 0
124 0
148 0
157 0
166 0
182 0
259 0
275 0
319 0
354 0
456 0
472 0
484 0
294 0
569 0
578 0
644 0
661 0
685 0
718 0
721 0
814 0
534 0
827 0
881 0
951 0
892 0
912 0
943 0
976 0
774 0
964 0
623 0
553 0
493 0
591 0
199 0
679 0
377 0
171 0
873 0
733 0
836 0
746 0
767 0
752 0
849 0
795 0
789 0
135 0
113 0
939 0
925 0
429 0
658 0
542 0
438 0
411 0
515 0
526 0
632 0
617 0
587 0
696 0
216 0
237 0
331 0
241 0
345 0
447 0
465 0
855 0
868 0
386 0
283 0
398 0
262 0
363 0
228 0
322 0
988 0
997 0
