c Sudoku solution
p cnf 729 0
249 0
254 0
262 0
288 0
311 0
326 0
382 0
399 0
498 0
519 0
536 0
591 0
271 0
296 0
614 0
642 0
655 0
734 0
124 0
139 0
112 0
338 0
374 0
822 0
432 0
572 0
868 0
628 0
889 0
925 0
729 0
421 0
661 0
679 0
686 0
415 0
585 0
484 0
235 0
977 0
778 0
876 0
918 0
716 0
175 0
473 0
697 0
633 0
527 0
223 0
217 0
813 0
931 0
837 0
851 0
781 0
983 0
141 0
158 0
166 0
548 0
564 0
553 0
357 0
752 0
795 0
992 0
894 0
845 0
944 0
343 0
365 0
747 0
763 0
446 0
459 0
467 0
956 0
969 0
187 0
193 0
