c Sudoku solution
p cnf 729 0
133 0
219 0
294 0
346 0
383 0
391 0
448 0
567 0
573 0
618 0
634 0
642 0
653 0
675 0
686 0
722 0
768 0
781 0
471 0
855 0
916 0
929 0
938 0
941 0
972 0
862 0
756 0
466 0
545 0
699 0
627 0
661 0
247 0
263 0
957 0
964 0
993 0
985 0
797 0
735 0
144 0
195 0
169 0
365 0
379 0
177 0
276 0
126 0
225 0
328 0
314 0
337 0
352 0
713 0
749 0
843 0
774 0
423 0
415 0
824 0
817 0
831 0
521 0
512 0
439 0
536 0
454 0
559 0
584 0
598 0
111 0
232 0
158 0
251 0
182 0
288 0
896 0
878 0
889 0
487 0
492 0
