c Sudoku solution
p cnf 729 0
115 0
131 0
173 0
198 0
257 0
282 0
375 0
381 0
416 0
425 0
539 0
562 0
594 0
622 0
659 0
734 0
614 0
747 0
793 0
812 0
332 0
891 0
921 0
511 0
966 0
999 0
492 0
695 0
397 0
127 0
917 0
296 0
326 0
224 0
279 0
184 0
169 0
319 0
213 0
238 0
718 0
729 0
823 0
935 0
836 0
528 0
849 0
489 0
988 0
576 0
646 0
587 0
683 0
637 0
433 0
467 0
142 0
156 0
363 0
864 0
943 0
952 0
858 0
772 0
974 0
877 0
786 0
885 0
545 0
553 0
241 0
265 0
755 0
761 0
451 0
668 0
444 0
478 0
671 0
348 0
354 0
