c Sudoku solution
p cnf 729 0
128 0
137 0
171 0
182 0
199 0
232 0
254 0
114 0
323 0
489 0
491 0
533 0
622 0
647 0
655 0
694 0
734 0
751 0
767 0
357 0
783 0
293 0
825 0
944 0
969 0
745 0
165 0
559 0
977 0
817 0
913 0
712 0
287 0
427 0
524 0
464 0
597 0
992 0
985 0
881 0
874 0
779 0
798 0
896 0
726 0
921 0
938 0
839 0
956 0
229 0
349 0
362 0
619 0
153 0
146 0
384 0
395 0
215 0
276 0
378 0
435 0
575 0
472 0
673 0
458 0
542 0
443 0
416 0
631 0
518 0
561 0
666 0
586 0
688 0
311 0
336 0
241 0
268 0
852 0
848 0
863 0
