c Sudoku solution
p cnf 729 0
118 0
196 0
214 0
235 0
268 0
311 0
383 0
472 0
495 0
525 0
531 0
548 0
569 0
687 0
698 0
378 0
724 0
771 0
481 0
679 0
277 0
291 0
782 0
289 0
392 0
836 0
843 0
884 0
875 0
988 0
976 0
573 0
594 0
586 0
174 0
185 0
899 0
944 0
965 0
715 0
446 0
616 0
242 0
766 0
655 0
641 0
345 0
747 0
793 0
997 0
149 0
226 0
253 0
151 0
167 0
356 0
364 0
861 0
921 0
454 0
634 0
557 0
662 0
463 0
623 0
512 0
817 0
913 0
419 0
122 0
133 0
828 0
932 0
739 0
758 0
852 0
959 0
427 0
438 0
329 0
337 0
