c Sudoku solution
p cnf 729 0
173 0
212 0
234 0
248 0
253 0
328 0
333 0
361 0
394 0
427 0
436 0
471 0
482 0
569 0
583 0
619 0
499 0
635 0
757 0
765 0
846 0
874 0
684 0
881 0
898 0
188 0
916 0
944 0
968 0
987 0
291 0
993 0
975 0
595 0
226 0
285 0
267 0
279 0
386 0
789 0
776 0
792 0
372 0
197 0
317 0
837 0
556 0
166 0
142 0
154 0
349 0
355 0
445 0
458 0
464 0
413 0
678 0
696 0
577 0
541 0
652 0
663 0
647 0
621 0
815 0
111 0
139 0
125 0
743 0
951 0
862 0
859 0
731 0
932 0
929 0
718 0
724 0
823 0
514 0
522 0
538 0
