c Sudoku solution
p cnf 729 0
134 0
161 0
222 0
257 0
266 0
294 0
337 0
359 0
392 0
472 0
521 0
543 0
556 0
664 0
344 0
675 0
691 0
723 0
741 0
451 0
811 0
231 0
832 0
849 0
946 0
863 0
153 0
142 0
897 0
967 0
717 0
973 0
981 0
782 0
952 0
658 0
562 0
647 0
445 0
469 0
612 0
427 0
248 0
365 0
768 0
371 0
279 0
493 0
633 0
995 0
799 0
196 0
598 0
825 0
736 0
755 0
854 0
774 0
924 0
535 0
438 0
939 0
918 0
577 0
876 0
888 0
178 0
187 0
285 0
383 0
115 0
213 0
316 0
328 0
129 0
414 0
519 0
626 0
486 0
584 0
689 0
