c Sudoku solution
p cnf 729 0
118 0
134 0
169 0
235 0
261 0
313 0
354 0
395 0
451 0
468 0
472 0
555 0
145 0
581 0
597 0
646 0
662 0
699 0
729 0
736 0
742 0
791 0
858 0
959 0
876 0
889 0
966 0
367 0
348 0
243 0
911 0
841 0
925 0
938 0
865 0
298 0
516 0
522 0
628 0
631 0
578 0
788 0
775 0
714 0
763 0
757 0
944 0
894 0
424 0
823 0
549 0
564 0
653 0
447 0
617 0
415 0
685 0
674 0
439 0
533 0
812 0
837 0
219 0
332 0
379 0
171 0
321 0
386 0
973 0
992 0
987 0
277 0
284 0
127 0
226 0
156 0
252 0
182 0
193 0
483 0
496 0
