c Sudoku solution
p cnf 729 0
186 0
241 0
253 0
279 0
297 0
319 0
342 0
383 0
391 0
432 0
534 0
545 0
561 0
577 0
593 0
621 0
666 0
356 0
694 0
724 0
736 0
782 0
552 0
672 0
192 0
851 0
912 0
862 0
222 0
216 0
114 0
131 0
123 0
711 0
518 0
526 0
589 0
946 0
965 0
155 0
178 0
998 0
775 0
799 0
896 0
374 0
285 0
264 0
368 0
238 0
828 0
873 0
933 0
971 0
481 0
688 0
476 0
495 0
325 0
337 0
147 0
169 0
454 0
448 0
429 0
635 0
815 0
839 0
927 0
887 0
984 0
844 0
959 0
743 0
767 0
758 0
649 0
463 0
657 0
417 0
613 0
