c Sudoku solution
p cnf 729 0
128 0
164 0
212 0
268 0
294 0
337 0
342 0
359 0
443 0
475 0
492 0
529 0
545 0
586 0
632 0
666 0
678 0
693 0
741 0
826 0
833 0
513 0
865 0
887 0
917 0
979 0
199 0
239 0
597 0
984 0
574 0
481 0
689 0
469 0
849 0
719 0
644 0
948 0
767 0
283 0
153 0
361 0
255 0
323 0
314 0
221 0
171 0
376 0
182 0
277 0
147 0
246 0
854 0
872 0
963 0
562 0
773 0
788 0
891 0
818 0
931 0
611 0
538 0
625 0
427 0
434 0
416 0
458 0
657 0
551 0
115 0
136 0
724 0
922 0
735 0
752 0
956 0
796 0
995 0
385 0
398 0
