c Sudoku solution
p cnf 729 0
193 0
257 0
264 0
312 0
343 0
374 0
387 0
448 0
451 0
479 0
514 0
532 0
629 0
666 0
682 0
462 0
738 0
746 0
836 0
849 0
854 0
644 0
873 0
895 0
822 0
921 0
817 0
986 0
997 0
767 0
861 0
888 0
972 0
771 0
752 0
945 0
934 0
919 0
124 0
137 0
547 0
427 0
142 0
241 0
292 0
677 0
289 0
339 0
111 0
185 0
391 0
631 0
698 0
528 0
416 0
494 0
218 0
276 0
178 0
156 0
169 0
326 0
559 0
575 0
483 0
581 0
596 0
435 0
613 0
563 0
655 0
715 0
723 0
225 0
233 0
953 0
968 0
358 0
365 0
784 0
799 0
