c Sudoku solution
p cnf 729 0
218 0
269 0
296 0
317 0
321 0
352 0
373 0
461 0
495 0
525 0
553 0
598 0
626 0
647 0
654 0
665 0
638 0
672 0
723 0
736 0
116 0
755 0
781 0
863 0
927 0
828 0
951 0
257 0
158 0
164 0
366 0
345 0
388 0
767 0
448 0
778 0
968 0
562 0
983 0
689 0
693 0
571 0
611 0
831 0
413 0
191 0
143 0
241 0
233 0
135 0
897 0
859 0
549 0
456 0
586 0
537 0
514 0
934 0
224 0
122 0
339 0
187 0
282 0
275 0
394 0
179 0
429 0
432 0
885 0
812 0
719 0
915 0
477 0
484 0
874 0
792 0
999 0
976 0
744 0
942 0
846 0
