c Sudoku solution
p cnf 729 0
194 0
238 0
253 0
281 0
299 0
313 0
324 0
332 0
351 0
366 0
349 0
439 0
496 0
528 0
564 0
244 0
616 0
625 0
662 0
272 0
226 0
688 0
711 0
785 0
387 0
835 0
852 0
142 0
861 0
898 0
918 0
395 0
378 0
954 0
973 0
991 0
176 0
183 0
517 0
412 0
634 0
484 0
814 0
774 0
215 0
119 0
267 0
797 0
982 0
886 0
879 0
722 0
929 0
965 0
168 0
155 0
463 0
421 0
533 0
592 0
589 0
693 0
556 0
659 0
127 0
131 0
823 0
736 0
937 0
946 0
847 0
743 0
641 0
545 0
448 0
457 0
475 0
571 0
677 0
758 0
769 0
