c Sudoku solution
p cnf 729 0
126 0
198 0
254 0
318 0
323 0
367 0
379 0
432 0
461 0
519 0
553 0
587 0
616 0
645 0
662 0
691 0
736 0
763 0
828 0
842 0
871 0
893 0
925 0
969 0
165 0
974 0
996 0
427 0
624 0
521 0
657 0
689 0
885 0
799 0
777 0
755 0
856 0
864 0
714 0
817 0
839 0
722 0
741 0
958 0
947 0
788 0
982 0
229 0
346 0
268 0
243 0
149 0
459 0
566 0
137 0
334 0
184 0
173 0
678 0
483 0
476 0
415 0
633 0
538 0
494 0
448 0
544 0
913 0
931 0
235 0
575 0
592 0
272 0
297 0
395 0
381 0
286 0
211 0
112 0
151 0
352 0
