c Sudoku solution
p cnf 729 0
151 0
173 0
266 0
287 0
294 0
325 0
333 0
388 0
415 0
426 0
517 0
534 0
571 0
391 0
583 0
598 0
621 0
613 0
716 0
136 0
127 0
376 0
757 0
785 0
824 0
856 0
546 0
882 0
981 0
996 0
189 0
686 0
484 0
922 0
723 0
799 0
893 0
529 0
228 0
954 0
774 0
965 0
943 0
835 0
937 0
877 0
978 0
919 0
818 0
731 0
211 0
239 0
253 0
463 0
441 0
849 0
861 0
562 0
555 0
352 0
245 0
369 0
347 0
195 0
272 0
112 0
314 0
742 0
768 0
667 0
644 0
148 0
164 0
675 0
692 0
497 0
479 0
432 0
638 0
458 0
659 0
