c Sudoku solution
p cnf 729 0
115 0
124 0
149 0
168 0
176 0
227 0
356 0
374 0
426 0
431 0
485 0
498 0
592 0
614 0
584 0
638 0
652 0
412 0
663 0
473 0
758 0
548 0
566 0
835 0
846 0
862 0
918 0
328 0
941 0
551 0
645 0
525 0
629 0
579 0
965 0
255 0
395 0
775 0
986 0
696 0
181 0
132 0
687 0
671 0
197 0
153 0
743 0
789 0
972 0
877 0
888 0
722 0
923 0
821 0
791 0
893 0
994 0
854 0
767 0
959 0
734 0
716 0
819 0
937 0
236 0
517 0
533 0
339 0
457 0
444 0
469 0
242 0
347 0
264 0
361 0
211 0
313 0
278 0
382 0
283 0
299 0
