c Sudoku solution
p cnf 729 0
155 0
284 0
333 0
346 0
361 0
398 0
477 0
491 0
522 0
551 0
578 0
627 0
669 0
714 0
763 0
866 0
875 0
889 0
599 0
925 0
745 0
939 0
759 0
967 0
547 0
972 0
732 0
379 0
324 0
674 0
996 0
894 0
983 0
771 0
797 0
788 0
726 0
181 0
513 0
823 0
221 0
693 0
387 0
295 0
192 0
315 0
212 0
268 0
352 0
257 0
164 0
236 0
176 0
273 0
143 0
249 0
586 0
453 0
656 0
416 0
429 0
119 0
137 0
128 0
817 0
858 0
842 0
941 0
954 0
831 0
918 0
611 0
648 0
462 0
565 0
444 0
485 0
682 0
534 0
438 0
635 0
