c Sudoku solution
p cnf 729 0
163 0
174 0
227 0
259 0
315 0
341 0
352 0
387 0
398 0
496 0
525 0
539 0
581 0
643 0
662 0
679 0
329 0
685 0
726 0
824 0
831 0
842 0
886 0
933 0
735 0
423 0
213 0
282 0
189 0
373 0
276 0
291 0
195 0
593 0
783 0
853 0
949 0
469 0
965 0
956 0
875 0
971 0
455 0
651 0
411 0
628 0
121 0
922 0
245 0
761 0
792 0
899 0
719 0
567 0
546 0
366 0
264 0
238 0
334 0
868 0
778 0
997 0
984 0
817 0
918 0
477 0
572 0
694 0
488 0
432 0
514 0
616 0
637 0
444 0
558 0
112 0
136 0
747 0
754 0
148 0
157 0
