c Sudoku solution
p cnf 729 0
131 0
182 0
195 0
319 0
324 0
343 0
378 0
387 0
433 0
452 0
466 0
475 0
522 0
565 0
594 0
653 0
681 0
713 0
739 0
747 0
776 0
814 0
444 0
634 0
859 0
956 0
989 0
488 0
993 0
885 0
784 0
964 0
863 0
146 0
627 0
615 0
411 0
429 0
497 0
557 0
541 0
579 0
583 0
696 0
672 0
169 0
267 0
117 0
649 0
668 0
299 0
286 0
391 0
251 0
355 0
362 0
154 0
248 0
173 0
274 0
128 0
223 0
235 0
212 0
336 0
918 0
516 0
538 0
826 0
945 0
725 0
921 0
977 0
871 0
837 0
932 0
842 0
761 0
758 0
792 0
898 0
