c Sudoku solution
p cnf 729 0
166 0
233 0
287 0
292 0
315 0
322 0
331 0
359 0
467 0
347 0
498 0
529 0
538 0
617 0
674 0
682 0
696 0
635 0
734 0
746 0
763 0
777 0
597 0
826 0
216 0
279 0
556 0
436 0
489 0
848 0
875 0
972 0
986 0
788 0
832 0
752 0
725 0
857 0
142 0
153 0
562 0
412 0
585 0
376 0
178 0
228 0
368 0
918 0
658 0
195 0
181 0
921 0
719 0
813 0
937 0
791 0
861 0
884 0
899 0
993 0
511 0
623 0
424 0
544 0
573 0
471 0
455 0
443 0
114 0
127 0
139 0
251 0
245 0
264 0
641 0
669 0
949 0
954 0
965 0
383 0
394 0
