c Sudoku solution
p cnf 729 0
131 0
233 0
249 0
257 0
288 0
295 0
329 0
368 0
382 0
393 0
467 0
519 0
523 0
532 0
587 0
634 0
659 0
678 0
681 0
735 0
758 0
548 0
817 0
627 0
337 0
826 0
436 0
615 0
125 0
118 0
411 0
428 0
874 0
944 0
747 0
986 0
766 0
977 0
885 0
197 0
184 0
179 0
355 0
264 0
341 0
271 0
376 0
222 0
216 0
314 0
724 0
921 0
445 0
575 0
965 0
869 0
851 0
843 0
952 0
892 0
998 0
712 0
913 0
838 0
939 0
663 0
561 0
454 0
642 0
556 0
594 0
696 0
146 0
162 0
153 0
773 0
791 0
789 0
472 0
499 0
483 0
