c Sudoku solution
p cnf 729 0
113 0
159 0
185 0
196 0
224 0
272 0
283 0
315 0
338 0
399 0
468 0
492 0
643 0
657 0
676 0
721 0
754 0
777 0
834 0
856 0
867 0
936 0
786 0
949 0
973 0
823 0
763 0
353 0
433 0
593 0
297 0
178 0
981 0
882 0
994 0
879 0
841 0
895 0
798 0
958 0
818 0
248 0
552 0
384 0
371 0
691 0
451 0
255 0
528 0
688 0
429 0
487 0
589 0
669 0
614 0
416 0
326 0
266 0
161 0
144 0
362 0
347 0
742 0
965 0
719 0
735 0
912 0
927 0
517 0
531 0
211 0
239 0
625 0
632 0
122 0
137 0
445 0
474 0
575 0
546 0
564 0
