c Sudoku solution
p cnf 729 0
132 0
219 0
223 0
262 0
296 0
325 0
348 0
356 0
369 0
382 0
479 0
495 0
558 0
584 0
643 0
654 0
549 0
667 0
565 0
734 0
747 0
755 0
783 0
821 0
833 0
413 0
424 0
916 0
126 0
941 0
994 0
191 0
189 0
251 0
157 0
163 0
452 0
461 0
446 0
842 0
859 0
864 0
766 0
968 0
953 0
681 0
771 0
886 0
799 0
972 0
898 0
692 0
437 0
522 0
511 0
536 0
488 0
676 0
331 0
712 0
728 0
927 0
815 0
939 0
877 0
985 0
618 0
635 0
629 0
317 0
114 0
238 0
145 0
244 0
178 0
374 0
393 0
573 0
597 0
275 0
287 0
