c Sudoku solution
p cnf 729 0
135 0
149 0
161 0
188 0
227 0
246 0
294 0
316 0
383 0
412 0
424 0
481 0
525 0
564 0
626 0
633 0
692 0
748 0
767 0
784 0
674 0
793 0
879 0
913 0
114 0
123 0
969 0
978 0
996 0
586 0
176 0
197 0
152 0
542 0
862 0
466 0
263 0
828 0
731 0
922 0
729 0
836 0
934 0
817 0
715 0
891 0
772 0
756 0
885 0
987 0
321 0
271 0
375 0
282 0
399 0
332 0
255 0
368 0
951 0
945 0
641 0
511 0
665 0
495 0
598 0
689 0
657 0
443 0
559 0
458 0
477 0
573 0
537 0
439 0
618 0
219 0
238 0
844 0
853 0
347 0
354 0
