c Sudoku solution
p cnf 729 0
111 0
127 0
183 0
196 0
259 0
284 0
313 0
336 0
388 0
416 0
468 0
472 0
491 0
512 0
565 0
651 0
718 0
215 0
767 0
825 0
955 0
961 0
986 0
726 0
521 0
993 0
364 0
162 0
158 0
357 0
145 0
341 0
134 0
329 0
179 0
271 0
297 0
392 0
375 0
642 0
774 0
587 0
447 0
733 0
831 0
781 0
882 0
795 0
899 0
752 0
749 0
669 0
676 0
573 0
453 0
424 0
623 0
694 0
598 0
539 0
638 0
435 0
617 0
489 0
685 0
814 0
922 0
944 0
848 0
877 0
978 0
919 0
937 0
228 0
232 0
243 0
266 0
546 0
554 0
856 0
863 0
