c Sudoku solution
p cnf 729 0
122 0
264 0
278 0
325 0
334 0
351 0
368 0
383 0
417 0
461 0
494 0
558 0
566 0
585 0
676 0
771 0
852 0
662 0
899 0
912 0
923 0
944 0
841 0
748 0
931 0
654 0
995 0
977 0
969 0
956 0
988 0
175 0
184 0
874 0
793 0
782 0
886 0
863 0
167 0
757 0
765 0
397 0
687 0
547 0
281 0
196 0
292 0
379 0
111 0
138 0
342 0
246 0
255 0
316 0
489 0
698 0
591 0
428 0
436 0
532 0
472 0
573 0
445 0
453 0
649 0
621 0
818 0
835 0
827 0
615 0
633 0
213 0
726 0
714 0
739 0
519 0
524 0
229 0
237 0
143 0
159 0
