c Sudoku solution
p cnf 729 0
112 0
173 0
214 0
253 0
316 0
345 0
352 0
367 0
381 0
428 0
457 0
469 0
476 0
511 0
536 0
655 0
682 0
788 0
868 0
918 0
877 0
891 0
671 0
441 0
432 0
922 0
842 0
562 0
947 0
961 0
765 0
743 0
663 0
646 0
698 0
151 0
266 0
164 0
544 0
558 0
985 0
394 0
484 0
287 0
597 0
974 0
148 0
249 0
221 0
731 0
726 0
717 0
754 0
619 0
815 0
413 0
525 0
495 0
583 0
579 0
275 0
292 0
378 0
135 0
238 0
127 0
624 0
637 0
823 0
939 0
834 0
993 0
886 0
859 0
956 0
329 0
333 0
772 0
799 0
189 0
196 0
