c Sudoku solution
p cnf 729 0
161 0
188 0
196 0
227 0
236 0
243 0
275 0
292 0
369 0
373 0
437 0
486 0
519 0
289 0
211 0
578 0
625 0
634 0
672 0
697 0
738 0
753 0
765 0
779 0
499 0
823 0
849 0
659 0
944 0
967 0
332 0
791 0
976 0
471 0
683 0
641 0
381 0
394 0
177 0
328 0
315 0
912 0
422 0
448 0
666 0
455 0
464 0
563 0
542 0
557 0
413 0
531 0
526 0
618 0
114 0
133 0
129 0
724 0
921 0
835 0
939 0
851 0
958 0
898 0
145 0
152 0
746 0
862 0
782 0
717 0
816 0
347 0
356 0
254 0
268 0
874 0
887 0
985 0
993 0
584 0
595 0
