c Sudoku solution
p cnf 729 0
113 0
138 0
289 0
292 0
311 0
356 0
367 0
373 0
424 0
449 0
529 0
339 0
553 0
561 0
577 0
582 0
594 0
633 0
647 0
652 0
664 0
686 0
751 0
784 0
344 0
174 0
322 0
798 0
395 0
388 0
816 0
883 0
493 0
996 0
276 0
126 0
241 0
263 0
258 0
455 0
481 0
478 0
699 0
675 0
621 0
466 0
548 0
536 0
515 0
618 0
746 0
943 0
723 0
159 0
985 0
897 0
854 0
957 0
928 0
825 0
765 0
842 0
831 0
971 0
879 0
772 0
737 0
719 0
868 0
969 0
227 0
235 0
214 0
912 0
934 0
417 0
432 0
145 0
162 0
187 0
191 0
