c Sudoku solution
p cnf 729 0
147 0
151 0
215 0
375 0
165 0
383 0
411 0
426 0
452 0
473 0
553 0
599 0
624 0
635 0
613 0
439 0
646 0
729 0
742 0
787 0
816 0
872 0
893 0
966 0
988 0
991 0
132 0
123 0
718 0
538 0
755 0
885 0
979 0
925 0
912 0
517 0
522 0
484 0
495 0
448 0
545 0
564 0
661 0
467 0
659 0
682 0
841 0
763 0
944 0
957 0
731 0
827 0
933 0
834 0
321 0
228 0
243 0
349 0
368 0
262 0
392 0
289 0
271 0
297 0
186 0
119 0
314 0
254 0
356 0
236 0
337 0
858 0
869 0
576 0
581 0
774 0
796 0
178 0
194 0
677 0
698 0
