c Sudoku solution
p cnf 729 0
123 0
136 0
142 0
151 0
174 0
197 0
238 0
291 0
311 0
386 0
454 0
462 0
595 0
622 0
635 0
445 0
647 0
681 0
693 0
584 0
572 0
614 0
734 0
841 0
561 0
852 0
869 0
894 0
929 0
953 0
543 0
998 0
837 0
433 0
421 0
931 0
771 0
332 0
282 0
399 0
119 0
539 0
659 0
249 0
479 0
487 0
678 0
496 0
418 0
558 0
666 0
828 0
256 0
977 0
876 0
188 0
165 0
357 0
755 0
964 0
946 0
748 0
767 0
726 0
516 0
527 0
217 0
344 0
263 0
368 0
275 0
373 0
224 0
325 0
985 0
792 0
883 0
789 0
713 0
912 0
815 0
