c Sudoku solution
p cnf 729 0
114 0
161 0
199 0
228 0
262 0
297 0
337 0
348 0
513 0
529 0
567 0
574 0
591 0
638 0
641 0
683 0
692 0
725 0
768 0
836 0
932 0
535 0
133 0
947 0
157 0
959 0
964 0
981 0
918 0
923 0
975 0
996 0
315 0
369 0
412 0
449 0
679 0
244 0
495 0
898 0
285 0
145 0
463 0
865 0
655 0
454 0
666 0
542 0
558 0
431 0
624 0
586 0
426 0
617 0
216 0
122 0
321 0
239 0
271 0
253 0
356 0
827 0
734 0
793 0
884 0
789 0
777 0
872 0
711 0
819 0
851 0
843 0
746 0
752 0
373 0
382 0
394 0
176 0
188 0
478 0
487 0
