c Sudoku solution
p cnf 729 0
225 0
239 0
262 0
274 0
281 0
324 0
332 0
366 0
373 0
399 0
495 0
518 0
544 0
553 0
561 0
535 0
623 0
483 0
656 0
687 0
694 0
527 0
631 0
471 0
678 0
814 0
434 0
869 0
665 0
888 0
385 0
947 0
951 0
993 0
341 0
317 0
358 0
243 0
257 0
164 0
216 0
298 0
426 0
763 0
833 0
737 0
936 0
113 0
121 0
138 0
711 0
822 0
915 0
891 0
877 0
855 0
846 0
775 0
145 0
159 0
754 0
742 0
968 0
796 0
789 0
984 0
972 0
728 0
929 0
649 0
452 0
467 0
448 0
419 0
612 0
176 0
182 0
197 0
579 0
586 0
592 0
