c Sudoku solution
p cnf 729 0
129 0
163 0
235 0
294 0
311 0
332 0
346 0
438 0
441 0
523 0
213 0
568 0
571 0
656 0
669 0
677 0
695 0
688 0
643 0
747 0
753 0
784 0
474 0
821 0
631 0
887 0
899 0
926 0
739 0
954 0
949 0
544 0
364 0
624 0
612 0
722 0
425 0
555 0
145 0
991 0
761 0
866 0
965 0
385 0
242 0
267 0
228 0
327 0
197 0
848 0
852 0
457 0
462 0
592 0
134 0
116 0
814 0
833 0
937 0
715 0
918 0
875 0
419 0
589 0
517 0
536 0
158 0
251 0
359 0
181 0
286 0
172 0
279 0
973 0
982 0
378 0
393 0
776 0
798 0
483 0
496 0
