c Sudoku solution
p cnf 729 0
118 0
136 0
143 0
221 0
233 0
289 0
346 0
392 0
417 0
535 0
556 0
631 0
654 0
669 0
672 0
723 0
751 0
862 0
884 0
897 0
953 0
873 0
811 0
826 0
616 0
513 0
628 0
463 0
383 0
693 0
966 0
978 0
298 0
276 0
129 0
212 0
152 0
359 0
368 0
161 0
371 0
439 0
838 0
257 0
458 0
588 0
748 0
855 0
849 0
567 0
645 0
687 0
244 0
265 0
947 0
764 0
737 0
782 0
796 0
327 0
315 0
334 0
914 0
932 0
925 0
719 0
775 0
981 0
999 0
474 0
579 0
591 0
441 0
542 0
422 0
524 0
177 0
194 0
185 0
486 0
495 0
