c Sudoku solution
p cnf 729 0
198 0
233 0
261 0
285 0
327 0
338 0
369 0
373 0
436 0
515 0
563 0
597 0
642 0
668 0
676 0
684 0
691 0
655 0
345 0
712 0
737 0
639 0
623 0
617 0
751 0
765 0
821 0
877 0
187 0
949 0
996 0
386 0
171 0
311 0
531 0
441 0
132 0
125 0
119 0
729 0
816 0
913 0
928 0
746 0
214 0
226 0
394 0
352 0
418 0
544 0
467 0
556 0
459 0
424 0
522 0
143 0
853 0
848 0
247 0
258 0
154 0
166 0
957 0
981 0
793 0
788 0
774 0
578 0
589 0
279 0
292 0
483 0
882 0
975 0
899 0
864 0
962 0
835 0
934 0
472 0
495 0
