c Sudoku solution
p cnf 729 0
138 0
214 0
226 0
279 0
349 0
358 0
361 0
396 0
442 0
486 0
497 0
533 0
548 0
554 0
599 0
619 0
129 0
646 0
516 0
663 0
473 0
721 0
739 0
755 0
923 0
962 0
975 0
994 0
267 0
565 0
469 0
657 0
451 0
631 0
527 0
622 0
111 0
313 0
325 0
232 0
337 0
253 0
152 0
245 0
144 0
166 0
177 0
936 0
764 0
868 0
856 0
959 0
776 0
824 0
835 0
889 0
415 0
434 0
428 0
678 0
684 0
695 0
374 0
382 0
581 0
572 0
871 0
941 0
288 0
291 0
185 0
193 0
783 0
892 0
798 0
987 0
712 0
817 0
918 0
747 0
843 0
