c Sudoku solution
p cnf 729 0
176 0
233 0
271 0
321 0
339 0
345 0
353 0
394 0
416 0
226 0
366 0
431 0
449 0
472 0
522 0
599 0
634 0
667 0
681 0
757 0
763 0
778 0
377 0
792 0
824 0
885 0
993 0
891 0
879 0
987 0
786 0
974 0
744 0
711 0
735 0
729 0
813 0
837 0
936 0
912 0
928 0
941 0
318 0
132 0
382 0
619 0
538 0
696 0
497 0
488 0
584 0
423 0
625 0
517 0
673 0
575 0
543 0
556 0
561 0
127 0
148 0
247 0
846 0
642 0
658 0
151 0
852 0
868 0
262 0
183 0
195 0
298 0
289 0
114 0
215 0
169 0
254 0
455 0
464 0
959 0
965 0
