c Sudoku solution
p cnf 729 0
167 0
211 0
274 0
288 0
348 0
354 0
518 0
521 0
553 0
599 0
613 0
659 0
666 0
695 0
678 0
758 0
468 0
785 0
822 0
844 0
564 0
883 0
916 0
933 0
945 0
455 0
535 0
815 0
952 0
256 0
151 0
746 0
763 0
857 0
991 0
898 0
876 0
731 0
861 0
969 0
839 0
928 0
779 0
792 0
984 0
977 0
138 0
586 0
572 0
547 0
494 0
473 0
634 0
627 0
487 0
681 0
441 0
642 0
724 0
717 0
114 0
371 0
175 0
182 0
389 0
312 0
237 0
336 0
196 0
262 0
365 0
225 0
293 0
397 0
249 0
143 0
129 0
323 0
419 0
432 0
426 0
