c Sudoku solution
p cnf 729 0
129 0
192 0
215 0
244 0
262 0
296 0
375 0
381 0
398 0
436 0
449 0
551 0
567 0
599 0
654 0
665 0
682 0
719 0
639 0
758 0
795 0
833 0
921 0
231 0
228 0
943 0
969 0
359 0
777 0
783 0
994 0
891 0
864 0
347 0
253 0
366 0
155 0
116 0
173 0
279 0
184 0
287 0
137 0
845 0
935 0
538 0
452 0
546 0
463 0
648 0
497 0
693 0
574 0
585 0
488 0
676 0
471 0
414 0
611 0
425 0
627 0
742 0
761 0
734 0
726 0
822 0
972 0
523 0
512 0
313 0
332 0
324 0
141 0
168 0
878 0
986 0
889 0
856 0
957 0
817 0
918 0
