c Sudoku solution
p cnf 729 0
156 0
235 0
244 0
261 0
327 0
342 0
358 0
429 0
477 0
532 0
563 0
578 0
645 0
686 0
693 0
721 0
766 0
774 0
819 0
898 0
938 0
748 0
951 0
972 0
997 0
876 0
881 0
624 0
279 0
671 0
637 0
618 0
468 0
717 0
822 0
733 0
834 0
752 0
983 0
964 0
949 0
413 0
454 0
659 0
662 0
557 0
855 0
843 0
867 0
147 0
253 0
287 0
188 0
123 0
228 0
175 0
169 0
365 0
131 0
339 0
511 0
436 0
525 0
441 0
546 0
915 0
926 0
373 0
391 0
384 0
192 0
296 0
114 0
212 0
316 0
482 0
495 0
589 0
594 0
785 0
799 0
