c Sudoku solution
p cnf 729 0
151 0
187 0
216 0
221 0
267 0
275 0
319 0
353 0
374 0
396 0
381 0
494 0
511 0
549 0
629 0
633 0
647 0
726 0
773 0
795 0
864 0
913 0
843 0
123 0
938 0
957 0
965 0
989 0
784 0
924 0
479 0
362 0
345 0
337 0
328 0
717 0
427 0
522 0
452 0
825 0
812 0
742 0
536 0
614 0
435 0
418 0
554 0
655 0
585 0
115 0
856 0
941 0
731 0
839 0
888 0
976 0
992 0
446 0
461 0
668 0
563 0
483 0
166 0
259 0
199 0
758 0
769 0
686 0
282 0
178 0
293 0
132 0
234 0
144 0
248 0
672 0
691 0
871 0
897 0
577 0
598 0
