c Sudoku solution
p cnf 729 0
125 0
134 0
178 0
219 0
228 0
253 0
276 0
316 0
331 0
349 0
368 0
384 0
421 0
548 0
559 0
577 0
615 0
646 0
652 0
698 0
755 0
357 0
454 0
786 0
829 0
887 0
988 0
858 0
893 0
914 0
927 0
526 0
624 0
496 0
594 0
956 0
836 0
935 0
875 0
774 0
151 0
142 0
166 0
395 0
723 0
322 0
237 0
113 0
189 0
373 0
197 0
512 0
533 0
811 0
718 0
732 0
844 0
862 0
417 0
639 0
438 0
667 0
561 0
585 0
245 0
264 0
443 0
465 0
941 0
747 0
963 0
769 0
791 0
671 0
683 0
281 0
292 0
482 0
479 0
972 0
999 0
