c Sudoku solution
p cnf 729 0
138 0
145 0
257 0
275 0
298 0
332 0
366 0
426 0
451 0
467 0
511 0
539 0
554 0
596 0
637 0
665 0
693 0
778 0
784 0
792 0
871 0
681 0
899 0
914 0
936 0
886 0
176 0
216 0
987 0
973 0
995 0
577 0
494 0
624 0
234 0
731 0
374 0
164 0
844 0
747 0
756 0
855 0
833 0
763 0
435 0
585 0
488 0
646 0
269 0
961 0
153 0
242 0
341 0
358 0
182 0
283 0
389 0
221 0
313 0
325 0
191 0
397 0
412 0
618 0
523 0
479 0
672 0
443 0
659 0
715 0
729 0
817 0
119 0
127 0
548 0
562 0
949 0
952 0
868 0
822 0
928 0
