c Sudoku solution
p cnf 729 0
129 0
153 0
172 0
234 0
267 0
271 0
283 0
344 0
387 0
465 0
524 0
547 0
566 0
573 0
588 0
626 0
641 0
677 0
692 0
718 0
725 0
731 0
743 0
663 0
764 0
786 0
779 0
797 0
752 0
559 0
442 0
362 0
249 0
399 0
836 0
923 0
893 0
184 0
654 0
458 0
638 0
995 0
375 0
333 0
328 0
222 0
298 0
196 0
413 0
421 0
437 0
619 0
489 0
685 0
591 0
869 0
939 0
827 0
957 0
946 0
117 0
311 0
216 0
135 0
161 0
356 0
255 0
148 0
515 0
532 0
845 0
851 0
968 0
882 0
981 0
814 0
912 0
878 0
974 0
476 0
494 0
