c Sudoku solution
p cnf 729 0
127 0
133 0
159 0
244 0
258 0
287 0
318 0
334 0
372 0
393 0
263 0
419 0
443 0
478 0
555 0
613 0
621 0
636 0
649 0
668 0
765 0
771 0
797 0
826 0
847 0
915 0
937 0
517 0
677 0
951 0
969 0
998 0
838 0
811 0
748 0
231 0
714 0
528 0
424 0
435 0
532 0
739 0
188 0
116 0
212 0
864 0
654 0
685 0
692 0
573 0
452 0
467 0
853 0
942 0
756 0
882 0
783 0
722 0
923 0
162 0
357 0
561 0
546 0
366 0
141 0
345 0
381 0
329 0
225 0
486 0
491 0
984 0
976 0
174 0
195 0
875 0
899 0
279 0
296 0
589 0
594 0
