c Sudoku solution
p cnf 729 0
181 0
261 0
298 0
329 0
332 0
311 0
355 0
393 0
526 0
531 0
563 0
579 0
633 0
652 0
675 0
686 0
691 0
734 0
851 0
441 0
867 0
888 0
478 0
483 0
928 0
721 0
971 0
138 0
944 0
966 0
456 0
997 0
717 0
587 0
647 0
624 0
384 0
368 0
346 0
377 0
669 0
618 0
874 0
773 0
796 0
515 0
465 0
554 0
548 0
494 0
592 0
758 0
164 0
214 0
762 0
982 0
935 0
822 0
412 0
427 0
439 0
157 0
237 0
116 0
172 0
276 0
242 0
836 0
125 0
223 0
143 0
259 0
199 0
285 0
953 0
813 0
919 0
789 0
895 0
745 0
849 0
