c Sudoku solution
p cnf 729 0
169 0
271 0
316 0
332 0
358 0
373 0
389 0
417 0
451 0
524 0
536 0
557 0
591 0
611 0
655 0
666 0
683 0
775 0
813 0
829 0
842 0
878 0
927 0
726 0
934 0
941 0
361 0
325 0
121 0
394 0
347 0
572 0
462 0
622 0
228 0
114 0
219 0
549 0
563 0
423 0
176 0
246 0
145 0
264 0
743 0
993 0
979 0
759 0
854 0
956 0
784 0
881 0
731 0
835 0
867 0
965 0
768 0
797 0
982 0
896 0
712 0
918 0
515 0
588 0
677 0
699 0
474 0
448 0
644 0
439 0
638 0
486 0
495 0
285 0
187 0
292 0
198 0
152 0
253 0
133 0
237 0
