c Sudoku solution
p cnf 729 0
221 0
233 0
269 0
282 0
312 0
328 0
357 0
366 0
391 0
537 0
559 0
575 0
583 0
626 0
647 0
658 0
663 0
692 0
771 0
893 0
917 0
127 0
925 0
931 0
946 0
953 0
456 0
596 0
518 0
978 0
872 0
962 0
152 0
851 0
999 0
984 0
754 0
255 0
434 0
522 0
442 0
465 0
674 0
732 0
838 0
824 0
136 0
214 0
276 0
297 0
248 0
768 0
867 0
194 0
188 0
385 0
161 0
143 0
344 0
179 0
373 0
115 0
339 0
635 0
541 0
564 0
477 0
498 0
886 0
795 0
787 0
749 0
845 0
716 0
723 0
819 0
413 0
611 0
429 0
481 0
689 0
