c Sudoku solution
p cnf 729 0
215 0
224 0
259 0
293 0
351 0
377 0
386 0
394 0
463 0
516 0
534 0
572 0
591 0
612 0
629 0
683 0
523 0
764 0
781 0
796 0
821 0
856 0
869 0
873 0
897 0
917 0
814 0
936 0
126 0
427 0
587 0
549 0
984 0
995 0
882 0
979 0
778 0
725 0
838 0
922 0
845 0
328 0
418 0
111 0
271 0
365 0
568 0
555 0
961 0
698 0
175 0
635 0
431 0
641 0
288 0
192 0
189 0
167 0
237 0
332 0
133 0
319 0
343 0
713 0
739 0
948 0
953 0
747 0
752 0
144 0
158 0
454 0
442 0
657 0
666 0
476 0
674 0
246 0
262 0
485 0
499 0
