c Sudoku solution
p cnf 729 0
118 0
151 0
174 0
195 0
286 0
326 0
333 0
377 0
417 0
557 0
562 0
583 0
599 0
648 0
716 0
728 0
743 0
163 0
146 0
779 0
794 0
821 0
864 0
873 0
293 0
888 0
924 0
913 0
525 0
937 0
127 0
949 0
996 0
856 0
139 0
222 0
182 0
389 0
819 0
612 0
365 0
215 0
691 0
687 0
484 0
897 0
972 0
767 0
961 0
958 0
781 0
985 0
247 0
268 0
259 0
234 0
311 0
271 0
398 0
514 0
636 0
541 0
445 0
654 0
453 0
431 0
538 0
429 0
623 0
675 0
466 0
669 0
576 0
344 0
352 0
842 0
755 0
732 0
835 0
478 0
492 0
