c Sudoku solution
p cnf 729 0
214 0
246 0
257 0
295 0
332 0
363 0
451 0
482 0
536 0
568 0
599 0
617 0
643 0
671 0
721 0
511 0
769 0
798 0
812 0
824 0
837 0
893 0
923 0
735 0
716 0
753 0
938 0
919 0
947 0
467 0
984 0
787 0
772 0
744 0
192 0
262 0
542 0
525 0
622 0
554 0
688 0
475 0
449 0
496 0
694 0
434 0
413 0
639 0
428 0
229 0
952 0
164 0
374 0
976 0
885 0
991 0
879 0
965 0
861 0
848 0
856 0
655 0
666 0
583 0
577 0
397 0
127 0
326 0
186 0
389 0
281 0
159 0
358 0
233 0
131 0
145 0
341 0
173 0
278 0
118 0
315 0
