c Sudoku solution
p cnf 729 0
241 0
265 0
324 0
368 0
392 0
439 0
463 0
471 0
551 0
616 0
628 0
631 0
647 0
655 0
694 0
737 0
756 0
783 0
673 0
829 0
877 0
925 0
934 0
836 0
979 0
988 0
996 0
942 0
293 0
167 0
957 0
961 0
864 0
769 0
774 0
882 0
913 0
566 0
486 0
662 0
549 0
514 0
689 0
572 0
598 0
199 0
497 0
585 0
415 0
422 0
533 0
527 0
721 0
818 0
712 0
795 0
891 0
748 0
845 0
853 0
111 0
381 0
287 0
184 0
254 0
152 0
359 0
232 0
226 0
123 0
335 0
138 0
317 0
219 0
146 0
343 0
175 0
376 0
278 0
444 0
458 0
