c Sudoku solution
p cnf 729 0
138 0
151 0
183 0
257 0
268 0
292 0
325 0
396 0
422 0
458 0
461 0
477 0
493 0
531 0
586 0
616 0
446 0
166 0
624 0
484 0
672 0
723 0
765 0
818 0
528 0
853 0
973 0
932 0
989 0
991 0
915 0
948 0
419 0
435 0
681 0
698 0
285 0
145 0
112 0
655 0
174 0
954 0
967 0
756 0
778 0
876 0
895 0
794 0
834 0
926 0
236 0
575 0
599 0
552 0
359 0
739 0
371 0
279 0
388 0
197 0
129 0
221 0
711 0
827 0
742 0
841 0
869 0
787 0
882 0
362 0
649 0
547 0
564 0
663 0
513 0
637 0
214 0
243 0
344 0
317 0
333 0
