c Sudoku solution
p cnf 729 0
111 0
137 0
178 0
199 0
257 0
293 0
344 0
391 0
429 0
465 0
472 0
494 0
516 0
547 0
559 0
654 0
662 0
727 0
761 0
451 0
241 0
821 0
849 0
855 0
145 0
896 0
925 0
973 0
981 0
438 0
623 0
417 0
615 0
631 0
571 0
779 0
689 0
964 0
867 0
874 0
714 0
997 0
387 0
677 0
486 0
583 0
595 0
698 0
443 0
568 0
646 0
753 0
736 0
956 0
163 0
152 0
282 0
184 0
126 0
358 0
322 0
524 0
532 0
228 0
234 0
335 0
313 0
219 0
275 0
376 0
266 0
369 0
833 0
939 0
888 0
792 0
785 0
748 0
942 0
812 0
918 0
