c Sudoku solution
p cnf 729 0
161 0
211 0
238 0
254 0
275 0
326 0
359 0
374 0
469 0
539 0
547 0
591 0
381 0
614 0
641 0
672 0
683 0
699 0
825 0
837 0
627 0
844 0
564 0
866 0
918 0
973 0
992 0
898 0
889 0
871 0
179 0
229 0
719 0
949 0
188 0
282 0
416 0
635 0
668 0
656 0
758 0
951 0
924 0
936 0
134 0
348 0
157 0
263 0
246 0
196 0
317 0
115 0
123 0
332 0
142 0
365 0
297 0
393 0
555 0
452 0
443 0
431 0
428 0
513 0
522 0
477 0
578 0
586 0
812 0
721 0
733 0
762 0
853 0
745 0
967 0
985 0
776 0
484 0
495 0
787 0
794 0
