c Sudoku solution
p cnf 729 0
188 0
237 0
251 0
293 0
347 0
376 0
382 0
428 0
432 0
473 0
517 0
533 0
558 0
599 0
644 0
667 0
653 0
746 0
781 0
819 0
826 0
938 0
941 0
831 0
952 0
977 0
857 0
727 0
712 0
763 0
883 0
143 0
197 0
487 0
989 0
996 0
759 0
355 0
154 0
456 0
586 0
685 0
284 0
391 0
494 0
524 0
415 0
461 0
449 0
571 0
914 0
923 0
735 0
965 0
864 0
848 0
313 0
218 0
266 0
368 0
329 0
334 0
225 0
122 0
111 0
136 0
169 0
242 0
175 0
279 0
616 0
621 0
639 0
545 0
562 0
774 0
798 0
872 0
895 0
678 0
692 0
