c Sudoku solution
p cnf 729 0
122 0
217 0
245 0
262 0
338 0
357 0
374 0
395 0
382 0
419 0
432 0
451 0
498 0
523 0
556 0
587 0
599 0
624 0
484 0
673 0
741 0
821 0
866 0
892 0
572 0
959 0
968 0
728 0
977 0
427 0
476 0
685 0
691 0
465 0
443 0
564 0
548 0
652 0
618 0
636 0
925 0
942 0
712 0
916 0
197 0
981 0
934 0
813 0
993 0
794 0
786 0
311 0
271 0
161 0
363 0
515 0
531 0
114 0
135 0
233 0
183 0
296 0
158 0
254 0
146 0
349 0
179 0
288 0
229 0
326 0
844 0
855 0
753 0
767 0
775 0
739 0
837 0
647 0
669 0
878 0
889 0
