c Sudoku solution
p cnf 729 0
111 0
148 0
152 0
176 0
264 0
315 0
332 0
359 0
387 0
449 0
496 0
516 0
545 0
574 0
589 0
639 0
688 0
691 0
797 0
829 0
219 0
199 0
853 0
923 0
951 0
962 0
769 0
979 0
642 0
984 0
394 0
998 0
935 0
946 0
744 0
847 0
917 0
558 0
755 0
868 0
165 0
257 0
366 0
183 0
233 0
241 0
343 0
371 0
278 0
226 0
328 0
656 0
454 0
773 0
593 0
522 0
721 0
881 0
786 0
712 0
814 0
836 0
738 0
613 0
418 0
624 0
425 0
463 0
561 0
667 0
431 0
537 0
482 0
477 0
675 0
127 0
134 0
872 0
895 0
285 0
292 0
