c Sudoku solution
p cnf 729 0
128 0
141 0
185 0
194 0
213 0
259 0
267 0
288 0
327 0
177 0
348 0
396 0
425 0
447 0
464 0
533 0
584 0
622 0
758 0
765 0
783 0
373 0
389 0
362 0
844 0
354 0
245 0
916 0
921 0
823 0
938 0
974 0
995 0
949 0
963 0
643 0
493 0
153 0
166 0
861 0
957 0
982 0
481 0
529 0
418 0
436 0
452 0
546 0
479 0
568 0
669 0
226 0
234 0
724 0
614 0
742 0
856 0
776 0
791 0
887 0
271 0
292 0
572 0
597 0
675 0
686 0
698 0
555 0
651 0
511 0
637 0
315 0
331 0
835 0
812 0
119 0
132 0
717 0
739 0
878 0
899 0
