c Sudoku solution
p cnf 729 0
114 0
147 0
161 0
217 0
225 0
263 0
298 0
312 0
435 0
441 0
493 0
556 0
585 0
613 0
543 0
628 0
665 0
684 0
697 0
764 0
454 0
791 0
851 0
878 0
488 0
568 0
467 0
892 0
962 0
599 0
511 0
572 0
671 0
476 0
422 0
419 0
636 0
732 0
983 0
753 0
957 0
369 0
252 0
182 0
642 0
659 0
866 0
815 0
849 0
887 0
727 0
524 0
537 0
823 0
834 0
377 0
173 0
333 0
138 0
155 0
358 0
196 0
395 0
274 0
381 0
289 0
129 0
326 0
231 0
246 0
344 0
921 0
939 0
975 0
994 0
779 0
786 0
745 0
948 0
718 0
916 0
