c Sudoku solution
p cnf 729 0
193 0
227 0
262 0
311 0
323 0
369 0
396 0
487 0
516 0
521 0
543 0
253 0
552 0
595 0
629 0
633 0
473 0
664 0
698 0
726 0
755 0
868 0
567 0
617 0
538 0
645 0
165 0
875 0
899 0
944 0
957 0
749 0
842 0
824 0
813 0
837 0
459 0
448 0
466 0
651 0
491 0
347 0
177 0
856 0
881 0
992 0
271 0
294 0
141 0
246 0
136 0
797 0
579 0
584 0
774 0
783 0
761 0
963 0
732 0
931 0
718 0
925 0
919 0
128 0
154 0
358 0
334 0
112 0
189 0
288 0
385 0
372 0
414 0
215 0
239 0
422 0
435 0
676 0
682 0
978 0
986 0
