c Sudoku solution
p cnf 729 0
126 0
155 0
229 0
238 0
252 0
263 0
281 0
297 0
311 0
372 0
478 0
485 0
499 0
565 0
577 0
616 0
632 0
625 0
112 0
684 0
761 0
141 0
773 0
671 0
693 0
815 0
214 0
335 0
246 0
275 0
823 0
327 0
133 0
383 0
396 0
167 0
592 0
586 0
839 0
891 0
519 0
413 0
437 0
528 0
847 0
657 0
948 0
953 0
745 0
995 0
888 0
794 0
876 0
979 0
722 0
787 0
982 0
736 0
759 0
718 0
917 0
862 0
854 0
966 0
442 0
543 0
344 0
649 0
668 0
551 0
456 0
464 0
421 0
534 0
924 0
931 0
358 0
369 0
174 0
198 0
189 0
