c Sudoku solution
p cnf 729 0
128 0
131 0
159 0
164 0
212 0
225 0
357 0
417 0
237 0
422 0
451 0
483 0
535 0
589 0
629 0
636 0
643 0
658 0
697 0
768 0
774 0
815 0
821 0
899 0
279 0
938 0
518 0
611 0
523 0
434 0
684 0
294 0
941 0
982 0
995 0
755 0
248 0
571 0
665 0
475 0
672 0
596 0
498 0
378 0
888 0
324 0
914 0
969 0
449 0
466 0
742 0
832 0
192 0
362 0
261 0
253 0
286 0
552 0
567 0
544 0
854 0
847 0
956 0
863 0
876 0
973 0
791 0
787 0
726 0
927 0
177 0
393 0
381 0
185 0
113 0
339 0
316 0
146 0
345 0
719 0
733 0
