c Sudoku solution
p cnf 729 0
119 0
131 0
198 0
234 0
313 0
356 0
364 0
453 0
475 0
497 0
522 0
545 0
591 0
659 0
673 0
533 0
682 0
732 0
212 0
748 0
777 0
783 0
293 0
865 0
879 0
589 0
399 0
911 0
881 0
923 0
843 0
163 0
147 0
628 0
421 0
439 0
818 0
338 0
729 0
824 0
892 0
857 0
836 0
715 0
937 0
635 0
995 0
271 0
372 0
152 0
341 0
249 0
255 0
268 0
661 0
567 0
617 0
969 0
751 0
766 0
794 0
954 0
942 0
462 0
558 0
488 0
978 0
986 0
184 0
176 0
385 0
287 0
125 0
327 0
226 0
574 0
696 0
516 0
414 0
446 0
644 0
