c Sudoku solution
p cnf 729 0
122 0
131 0
166 0
194 0
235 0
282 0
326 0
373 0
453 0
461 0
474 0
544 0
598 0
615 0
757 0
779 0
818 0
832 0
845 0
864 0
923 0
725 0
962 0
792 0
976 0
856 0
829 0
296 0
984 0
995 0
788 0
763 0
741 0
911 0
937 0
485 0
175 0
278 0
251 0
354 0
342 0
365 0
338 0
412 0
555 0
652 0
572 0
668 0
428 0
671 0
521 0
877 0
948 0
959 0
158 0
224 0
714 0
736 0
516 0
439 0
627 0
634 0
533 0
446 0
497 0
589 0
686 0
693 0
567 0
649 0
269 0
883 0
891 0
381 0
187 0
399 0
143 0
247 0
119 0
213 0
317 0
