c Sudoku solution
p cnf 729 0
114 0
239 0
243 0
261 0
313 0
328 0
335 0
356 0
364 0
397 0
424 0
573 0
586 0
598 0
616 0
647 0
672 0
726 0
136 0
121 0
745 0
757 0
167 0
818 0
844 0
554 0
869 0
896 0
276 0
929 0
934 0
774 0
941 0
966 0
446 0
148 0
288 0
294 0
255 0
978 0
768 0
684 0
651 0
458 0
549 0
638 0
419 0
699 0
342 0
159 0
175 0
379 0
381 0
789 0
217 0
222 0
987 0
871 0
477 0
491 0
485 0
995 0
825 0
912 0
711 0
733 0
837 0
792 0
883 0
852 0
953 0
531 0
527 0
515 0
432 0
623 0
463 0
562 0
665 0
182 0
193 0
