c Sudoku solution
p cnf 729 0
151 0
198 0
229 0
277 0
326 0
365 0
436 0
473 0
492 0
522 0
574 0
615 0
621 0
658 0
728 0
787 0
846 0
862 0
642 0
883 0
878 0
933 0
123 0
513 0
663 0
634 0
427 0
697 0
959 0
986 0
716 0
689 0
676 0
296 0
393 0
166 0
556 0
991 0
371 0
179 0
349 0
595 0
268 0
948 0
912 0
772 0
975 0
924 0
825 0
967 0
854 0
761 0
739 0
794 0
899 0
419 0
538 0
488 0
581 0
569 0
547 0
318 0
441 0
464 0
455 0
745 0
753 0
243 0
144 0
252 0
357 0
117 0
214 0
231 0
135 0
332 0
182 0
384 0
285 0
811 0
837 0
