c Sudoku solution
p cnf 729 0
157 0
176 0
213 0
241 0
275 0
284 0
299 0
312 0
358 0
491 0
526 0
547 0
574 0
588 0
198 0
182 0
635 0
648 0
664 0
752 0
442 0
256 0
262 0
336 0
466 0
822 0
532 0
831 0
843 0
163 0
914 0
854 0
794 0
923 0
433 0
424 0
418 0
134 0
344 0
971 0
992 0
761 0
381 0
672 0
955 0
145 0
369 0
325 0
459 0
565 0
485 0
593 0
477 0
696 0
689 0
551 0
653 0
519 0
111 0
129 0
617 0
621 0
373 0
397 0
783 0
715 0
816 0
746 0
949 0
986 0
739 0
778 0
727 0
938 0
868 0
967 0
228 0
237 0
879 0
887 0
895 0
