c Sudoku solution
p cnf 729 0
145 0
224 0
259 0
275 0
286 0
292 0
331 0
357 0
383 0
454 0
511 0
625 0
315 0
641 0
261 0
662 0
673 0
694 0
534 0
717 0
237 0
687 0
816 0
914 0
828 0
839 0
619 0
867 0
882 0
891 0
874 0
843 0
855 0
248 0
213 0
184 0
481 0
171 0
197 0
129 0
977 0
952 0
751 0
921 0
342 0
364 0
326 0
744 0
999 0
793 0
776 0
722 0
735 0
933 0
788 0
985 0
769 0
968 0
946 0
572 0
589 0
478 0
412 0
436 0
638 0
495 0
596 0
463 0
565 0
427 0
523 0
449 0
547 0
558 0
656 0
118 0
132 0
153 0
166 0
379 0
398 0
