c Sudoku solution
p cnf 729 0
131 0
162 0
187 0
196 0
223 0
312 0
328 0
337 0
361 0
374 0
498 0
521 0
533 0
579 0
582 0
617 0
642 0
664 0
729 0
858 0
638 0
659 0
865 0
953 0
752 0
451 0
463 0
978 0
718 0
813 0
911 0
148 0
343 0
173 0
119 0
356 0
439 0
422 0
568 0
288 0
999 0
849 0
741 0
944 0
932 0
269 0
389 0
395 0
985 0
735 0
486 0
594 0
477 0
675 0
414 0
445 0
557 0
546 0
515 0
626 0
216 0
125 0
234 0
154 0
824 0
836 0
927 0
881 0
966 0
767 0
776 0
247 0
255 0
271 0
292 0
872 0
897 0
683 0
691 0
784 0
793 0
