c Sudoku solution
p cnf 729 0
127 0
175 0
184 0
211 0
224 0
351 0
191 0
365 0
344 0
235 0
398 0
434 0
467 0
493 0
564 0
581 0
595 0
632 0
646 0
661 0
421 0
759 0
773 0
837 0
882 0
292 0
916 0
939 0
731 0
945 0
841 0
971 0
785 0
957 0
854 0
797 0
988 0
994 0
714 0
766 0
247 0
674 0
896 0
879 0
276 0
156 0
486 0
377 0
517 0
687 0
699 0
572 0
478 0
452 0
449 0
655 0
415 0
529 0
536 0
825 0
326 0
333 0
138 0
312 0
119 0
269 0
258 0
283 0
389 0
553 0
548 0
143 0
162 0
742 0
963 0
868 0
728 0
922 0
813 0
618 0
623 0
