c Sudoku solution
p cnf 729 0
165 0
237 0
256 0
274 0
283 0
314 0
336 0
368 0
372 0
395 0
432 0
538 0
557 0
564 0
579 0
616 0
631 0
648 0
733 0
139 0
745 0
826 0
861 0
882 0
911 0
943 0
952 0
967 0
766 0
989 0
299 0
262 0
241 0
451 0
655 0
542 0
446 0
692 0
387 0
147 0
154 0
353 0
349 0
321 0
844 0
835 0
934 0
928 0
975 0
996 0
225 0
218 0
523 0
515 0
113 0
122 0
712 0
485 0
176 0
771 0
586 0
591 0
181 0
198 0
684 0
424 0
794 0
788 0
727 0
819 0
759 0
858 0
417 0
629 0
677 0
469 0
663 0
873 0
897 0
478 0
493 0
