c Sudoku solution
p cnf 729 0
185 0
231 0
264 0
276 0
319 0
357 0
398 0
467 0
499 0
517 0
521 0
554 0
565 0
614 0
658 0
742 0
769 0
797 0
824 0
944 0
847 0
194 0
334 0
851 0
886 0
927 0
137 0
287 0
179 0
629 0
549 0
259 0
677 0
839 0
989 0
971 0
711 0
381 0
441 0
161 0
691 0
475 0
484 0
596 0
635 0
774 0
992 0
895 0
812 0
293 0
372 0
222 0
152 0
662 0
432 0
683 0
533 0
453 0
646 0
366 0
578 0
582 0
873 0
788 0
723 0
915 0
755 0
956 0
736 0
938 0
868 0
963 0
113 0
325 0
218 0
126 0
148 0
343 0
245 0
416 0
428 0
