c Sudoku solution
p cnf 729 0
168 0
175 0
184 0
237 0
246 0
298 0
333 0
362 0
426 0
432 0
469 0
478 0
574 0
587 0
627 0
719 0
724 0
634 0
755 0
772 0
838 0
867 0
797 0
917 0
377 0
876 0
885 0
961 0
264 0
345 0
314 0
328 0
116 0
988 0
748 0
483 0
781 0
736 0
935 0
763 0
956 0
539 0
131 0
411 0
495 0
821 0
122 0
215 0
229 0
282 0
812 0
923 0
942 0
893 0
979 0
994 0
525 0
566 0
665 0
592 0
652 0
558 0
541 0
643 0
513 0
618 0
273 0
391 0
199 0
386 0
153 0
251 0
359 0
147 0
444 0
457 0
849 0
854 0
671 0
689 0
696 0
