c Sudoku solution
p cnf 729 0
214 0
231 0
248 0
297 0
343 0
375 0
384 0
391 0
482 0
523 0
547 0
558 0
565 0
611 0
663 0
734 0
821 0
833 0
113 0
855 0
145 0
225 0
867 0
896 0
919 0
937 0
715 0
954 0
753 0
874 0
164 0
151 0
357 0
127 0
417 0
594 0
981 0
995 0
973 0
283 0
493 0
435 0
571 0
685 0
677 0
787 0
968 0
624 0
444 0
461 0
741 0
922 0
818 0
726 0
946 0
842 0
769 0
889 0
652 0
649 0
456 0
586 0
512 0
539 0
636 0
428 0
479 0
698 0
316 0
329 0
338 0
132 0
272 0
362 0
259 0
266 0
778 0
792 0
176 0
188 0
199 0
