c Sudoku solution
p cnf 729 0
161 0
178 0
185 0
232 0
268 0
283 0
291 0
313 0
345 0
374 0
416 0
424 0
431 0
321 0
338 0
519 0
565 0
688 0
528 0
749 0
766 0
915 0
225 0
635 0
939 0
129 0
136 0
954 0
664 0
987 0
992 0
963 0
926 0
971 0
784 0
948 0
834 0
458 0
581 0
594 0
197 0
114 0
217 0
244 0
612 0
382 0
489 0
659 0
641 0
546 0
256 0
279 0
396 0
357 0
369 0
886 0
899 0
798 0
711 0
818 0
851 0
755 0
722 0
773 0
875 0
737 0
823 0
627 0
533 0
552 0
467 0
443 0
577 0
142 0
153 0
847 0
862 0
472 0
495 0
676 0
693 0
