c Sudoku solution
p cnf 729 0
112 0
187 0
254 0
327 0
336 0
369 0
431 0
465 0
489 0
546 0
595 0
619 0
559 0
676 0
684 0
716 0
426 0
785 0
823 0
858 0
897 0
925 0
845 0
635 0
943 0
749 0
444 0
964 0
971 0
992 0
886 0
988 0
879 0
956 0
939 0
917 0
537 0
477 0
452 0
622 0
238 0
133 0
728 0
811 0
862 0
732 0
834 0
215 0
314 0
524 0
141 0
155 0
353 0
129 0
221 0
375 0
299 0
196 0
174 0
398 0
168 0
266 0
247 0
342 0
381 0
648 0
773 0
794 0
272 0
283 0
582 0
691 0
561 0
657 0
663 0
751 0
767 0
578 0
493 0
418 0
513 0
