c Sudoku solution
p cnf 729 0
135 0
187 0
236 0
265 0
312 0
357 0
368 0
389 0
395 0
492 0
532 0
543 0
561 0
628 0
637 0
652 0
699 0
729 0
439 0
559 0
766 0
664 0
467 0
797 0
577 0
833 0
881 0
978 0
879 0
862 0
922 0
738 0
993 0
753 0
969 0
163 0
124 0
331 0
323 0
227 0
421 0
671 0
934 0
711 0
744 0
894 0
986 0
346 0
254 0
151 0
291 0
374 0
941 0
955 0
858 0
847 0
917 0
645 0
448 0
456 0
176 0
198 0
142 0
249 0
119 0
218 0
683 0
475 0
484 0
588 0
596 0
413 0
616 0
514 0
525 0
815 0
826 0
273 0
282 0
772 0
785 0
