c Sudoku solution
p cnf 729 0
118 0
183 0
237 0
262 0
285 0
335 0
354 0
372 0
388 0
432 0
122 0
519 0
526 0
561 0
614 0
657 0
693 0
736 0
745 0
834 0
224 0
859 0
939 0
329 0
131 0
638 0
533 0
946 0
963 0
764 0
982 0
592 0
642 0
752 0
812 0
995 0
974 0
825 0
873 0
415 0
621 0
427 0
723 0
928 0
917 0
711 0
951 0
194 0
868 0
847 0
149 0
216 0
313 0
341 0
484 0
587 0
544 0
881 0
896 0
686 0
176 0
397 0
155 0
167 0
366 0
558 0
665 0
443 0
456 0
469 0
679 0
575 0
248 0
253 0
777 0
789 0
798 0
478 0
491 0
271 0
299 0
