c Sudoku solution
p cnf 729 0
199 0
222 0
234 0
255 0
269 0
293 0
317 0
325 0
339 0
386 0
527 0
553 0
578 0
589 0
656 0
665 0
677 0
271 0
684 0
692 0
718 0
216 0
762 0
866 0
146 0
881 0
924 0
933 0
829 0
968 0
898 0
394 0
372 0
175 0
152 0
164 0
247 0
187 0
288 0
363 0
561 0
467 0
491 0
982 0
514 0
542 0
843 0
874 0
857 0
737 0
726 0
911 0
795 0
783 0
779 0
997 0
976 0
945 0
959 0
113 0
619 0
623 0
631 0
648 0
121 0
138 0
428 0
341 0
358 0
744 0
751 0
449 0
454 0
473 0
485 0
596 0
412 0
436 0
535 0
815 0
832 0
