c Sudoku solution
p cnf 729 0
137 0
152 0
219 0
234 0
246 0
255 0
344 0
363 0
413 0
489 0
491 0
517 0
549 0
566 0
583 0
695 0
735 0
525 0
778 0
822 0
858 0
897 0
938 0
833 0
598 0
639 0
961 0
845 0
465 0
985 0
916 0
756 0
375 0
115 0
574 0
532 0
436 0
551 0
312 0
618 0
621 0
424 0
457 0
472 0
448 0
331 0
141 0
359 0
267 0
168 0
387 0
288 0
271 0
292 0
223 0
126 0
328 0
184 0
396 0
677 0
686 0
876 0
869 0
782 0
881 0
711 0
814 0
764 0
942 0
953 0
747 0
793 0
979 0
994 0
729 0
927 0
643 0
662 0
654 0
173 0
199 0
