c Sudoku solution
p cnf 729 0
248 0
257 0
265 0
272 0
317 0
338 0
346 0
435 0
518 0
534 0
582 0
616 0
623 0
637 0
655 0
674 0
761 0
811 0
824 0
843 0
868 0
458 0
895 0
575 0
933 0
959 0
981 0
994 0
792 0
688 0
198 0
114 0
213 0
284 0
177 0
887 0
521 0
422 0
419 0
912 0
852 0
715 0
945 0
132 0
231 0
642 0
441 0
669 0
464 0
547 0
691 0
599 0
497 0
149 0
163 0
151 0
744 0
756 0
967 0
739 0
836 0
727 0
928 0
778 0
783 0
976 0
879 0
354 0
362 0
553 0
566 0
371 0
473 0
486 0
393 0
185 0
389 0
296 0
126 0
325 0
229 0
