c Sudoku solution
p cnf 729 0
123 0
269 0
274 0
286 0
337 0
341 0
353 0
293 0
365 0
461 0
496 0
528 0
536 0
543 0
557 0
247 0
584 0
562 0
668 0
735 0
777 0
822 0
839 0
851 0
895 0
934 0
794 0
945 0
973 0
888 0
876 0
844 0
449 0
646 0
164 0
156 0
478 0
989 0
759 0
382 0
379 0
398 0
119 0
629 0
672 0
599 0
781 0
992 0
726 0
742 0
958 0
763 0
867 0
966 0
718 0
813 0
316 0
324 0
148 0
252 0
132 0
238 0
412 0
433 0
631 0
515 0
614 0
427 0
683 0
454 0
655 0
485 0
571 0
697 0
211 0
225 0
917 0
921 0
175 0
187 0
191 0
