c Sudoku solution
p cnf 729 0
132 0
181 0
224 0
238 0
242 0
275 0
323 0
364 0
379 0
382 0
413 0
466 0
498 0
178 0
194 0
563 0
629 0
634 0
648 0
358 0
665 0
677 0
722 0
753 0
143 0
797 0
287 0
293 0
396 0
683 0
616 0
512 0
528 0
126 0
256 0
847 0
167 0
868 0
962 0
918 0
788 0
317 0
973 0
833 0
651 0
452 0
557 0
692 0
872 0
886 0
576 0
761 0
774 0
814 0
211 0
335 0
119 0
155 0
341 0
269 0
715 0
821 0
927 0
991 0
425 0
531 0
437 0
471 0
945 0
954 0
859 0
746 0
739 0
936 0
895 0
989 0
585 0
484 0
599 0
449 0
544 0
