c Sudoku solution
p cnf 729 0
116 0
141 0
221 0
233 0
247 0
262 0
312 0
354 0
388 0
427 0
436 0
453 0
495 0
569 0
613 0
651 0
698 0
732 0
744 0
819 0
831 0
857 0
667 0
464 0
873 0
924 0
723 0
826 0
999 0
759 0
349 0
325 0
337 0
943 0
778 0
528 0
622 0
411 0
639 0
448 0
645 0
129 0
546 0
552 0
842 0
894 0
885 0
868 0
192 0
296 0
371 0
393 0
187 0
163 0
366 0
956 0
676 0
684 0
577 0
972 0
479 0
482 0
289 0
583 0
591 0
786 0
981 0
797 0
761 0
965 0
715 0
938 0
917 0
514 0
535 0
218 0
134 0
175 0
274 0
158 0
255 0
