c Sudoku solution
p cnf 729 0
113 0
147 0
199 0
225 0
232 0
327 0
349 0
219 0
362 0
374 0
466 0
471 0
484 0
498 0
551 0
622 0
658 0
677 0
686 0
773 0
818 0
845 0
915 0
712 0
417 0
567 0
933 0
952 0
442 0
964 0
988 0
997 0
287 0
338 0
528 0
423 0
536 0
514 0
611 0
543 0
644 0
693 0
316 0
254 0
383 0
263 0
355 0
156 0
391 0
296 0
278 0
168 0
241 0
946 0
748 0
921 0
979 0
124 0
131 0
853 0
757 0
837 0
734 0
894 0
459 0
665 0
435 0
639 0
876 0
882 0
726 0
829 0
769 0
861 0
589 0
781 0
795 0
185 0
172 0
575 0
592 0
