c Sudoku solution
p cnf 729 0
133 0
152 0
258 0
287 0
295 0
318 0
331 0
343 0
273 0
396 0
419 0
426 0
448 0
485 0
551 0
562 0
574 0
611 0
746 0
586 0
656 0
783 0
836 0
976 0
849 0
942 0
599 0
669 0
359 0
372 0
384 0
853 0
463 0
693 0
878 0
775 0
989 0
955 0
677 0
471 0
492 0
688 0
179 0
882 0
181 0
198 0
241 0
997 0
914 0
923 0
938 0
768 0
961 0
513 0
528 0
266 0
116 0
212 0
717 0
815 0
821 0
791 0
894 0
754 0
867 0
457 0
644 0
545 0
434 0
537 0
239 0
224 0
729 0
732 0
622 0
635 0
164 0
147 0
365 0
125 0
327 0
