c Sudoku solution
p cnf 729 0
194 0
212 0
237 0
256 0
271 0
289 0
316 0
359 0
363 0
461 0
532 0
558 0
577 0
599 0
611 0
581 0
649 0
666 0
526 0
678 0
685 0
718 0
736 0
774 0
484 0
797 0
888 0
917 0
955 0
725 0
769 0
982 0
783 0
822 0
162 0
867 0
387 0
186 0
742 0
751 0
157 0
447 0
627 0
853 0
543 0
452 0
654 0
565 0
692 0
514 0
633 0
113 0
175 0
293 0
372 0
398 0
335 0
819 0
979 0
415 0
923 0
245 0
473 0
496 0
876 0
895 0
991 0
831 0
934 0
844 0
968 0
946 0
341 0
148 0
264 0
121 0
324 0
228 0
139 0
429 0
438 0
