c Sudoku solution
p cnf 729 0
123 0
232 0
276 0
291 0
316 0
345 0
372 0
398 0
451 0
487 0
521 0
578 0
593 0
664 0
696 0
733 0
746 0
792 0
814 0
848 0
857 0
912 0
862 0
949 0
141 0
152 0
166 0
331 0
711 0
765 0
961 0
953 0
754 0
244 0
359 0
258 0
556 0
655 0
468 0
569 0
873 0
881 0
986 0
788 0
671 0
994 0
197 0
324 0
383 0
263 0
367 0
413 0
442 0
547 0
643 0
622 0
582 0
689 0
474 0
495 0
534 0
426 0
515 0
439 0
836 0
928 0
184 0
285 0
179 0
135 0
118 0
617 0
638 0
219 0
227 0
825 0
937 0
729 0
777 0
975 0
899 0
