c Sudoku solution
p cnf 729 0
127 0
161 0
195 0
265 0
284 0
343 0
362 0
391 0
438 0
451 0
523 0
535 0
576 0
619 0
624 0
648 0
693 0
463 0
722 0
426 0
778 0
839 0
886 0
296 0
598 0
947 0
249 0
329 0
315 0
377 0
257 0
388 0
158 0
952 0
868 0
492 0
474 0
417 0
542 0
445 0
656 0
667 0
489 0
511 0
632 0
587 0
737 0
897 0
872 0
354 0
146 0
336 0
559 0
564 0
273 0
182 0
179 0
212 0
228 0
231 0
918 0
716 0
769 0
966 0
794 0
999 0
741 0
844 0
821 0
925 0
813 0
934 0
855 0
753 0
785 0
114 0
133 0
971 0
983 0
675 0
681 0
