c Sudoku solution
p cnf 729 0
137 0
149 0
163 0
171 0
266 0
315 0
347 0
352 0
399 0
483 0
492 0
567 0
575 0
614 0
681 0
724 0
736 0
745 0
818 0
841 0
895 0
919 0
933 0
832 0
827 0
925 0
711 0
991 0
417 0
986 0
856 0
753 0
957 0
873 0
293 0
212 0
116 0
128 0
182 0
285 0
277 0
155 0
194 0
323 0
513 0
643 0
697 0
388 0
376 0
626 0
522 0
446 0
662 0
465 0
635 0
942 0
772 0
361 0
334 0
596 0
787 0
798 0
974 0
889 0
769 0
968 0
864 0
584 0
454 0
551 0
548 0
659 0
539 0
438 0
421 0
479 0
678 0
229 0
231 0
244 0
258 0
