c Sudoku solution
p cnf 729 0
119 0
136 0
143 0
152 0
181 0
266 0
272 0
285 0
335 0
165 0
357 0
423 0
497 0
177 0
539 0
555 0
571 0
637 0
648 0
656 0
663 0
715 0
475 0
625 0
611 0
733 0
786 0
376 0
416 0
596 0
583 0
488 0
851 0
953 0
873 0
945 0
846 0
895 0
926 0
967 0
727 0
931 0
829 0
791 0
887 0
217 0
313 0
322 0
293 0
221 0
547 0
249 0
441 0
344 0
361 0
258 0
234 0
128 0
194 0
389 0
398 0
524 0
432 0
518 0
562 0
838 0
742 0
864 0
774 0
812 0
914 0
454 0
469 0
759 0
768 0
679 0
978 0
684 0
692 0
982 0
999 0
