c Sudoku solution
p cnf 729 0
228 0
234 0
245 0
256 0
359 0
362 0
397 0
463 0
511 0
532 0
544 0
588 0
668 0
675 0
689 0
691 0
719 0
737 0
765 0
814 0
624 0
842 0
652 0
887 0
931 0
953 0
974 0
754 0
164 0
384 0
494 0
123 0
321 0
139 0
343 0
378 0
613 0
636 0
647 0
555 0
451 0
833 0
918 0
438 0
335 0
316 0
415 0
967 0
858 0
148 0
261 0
157 0
112 0
217 0
741 0
871 0
176 0
181 0
195 0
798 0
279 0
985 0
825 0
283 0
292 0
773 0
472 0
486 0
593 0
577 0
449 0
566 0
427 0
529 0
946 0
869 0
896 0
782 0
999 0
726 0
922 0
