c Sudoku solution
p cnf 729 0
245 0
253 0
284 0
291 0
316 0
344 0
351 0
362 0
395 0
419 0
471 0
486 0
524 0
546 0
592 0
635 0
626 0
642 0
741 0
763 0
443 0
772 0
182 0
865 0
455 0
888 0
981 0
899 0
847 0
927 0
958 0
852 0
949 0
148 0
996 0
836 0
756 0
964 0
654 0
494 0
874 0
973 0
797 0
785 0
915 0
932 0
212 0
125 0
821 0
813 0
533 0
422 0
323 0
131 0
114 0
718 0
734 0
729 0
438 0
467 0
559 0
228 0
378 0
157 0
193 0
575 0
587 0
511 0
617 0
568 0
661 0
277 0
176 0
389 0
169 0
266 0
239 0
337 0
679 0
698 0
683 0
