c Sudoku solution
p cnf 729 0
124 0
133 0
238 0
277 0
336 0
372 0
384 0
391 0
429 0
482 0
494 0
518 0
575 0
616 0
635 0
534 0
658 0
478 0
662 0
644 0
522 0
689 0
757 0
856 0
879 0
176 0
914 0
864 0
774 0
254 0
931 0
973 0
437 0
697 0
832 0
739 0
671 0
623 0
411 0
221 0
949 0
986 0
887 0
781 0
841 0
726 0
813 0
715 0
895 0
828 0
927 0
325 0
583 0
596 0
547 0
285 0
293 0
188 0
199 0
167 0
151 0
145 0
242 0
266 0
112 0
219 0
317 0
952 0
965 0
792 0
998 0
446 0
559 0
561 0
455 0
463 0
353 0
348 0
369 0
743 0
768 0
