c Sudoku solution
p cnf 729 0
133 0
166 0
192 0
215 0
252 0
261 0
277 0
318 0
331 0
322 0
353 0
565 0
579 0
582 0
616 0
635 0
658 0
673 0
684 0
759 0
837 0
863 0
875 0
924 0
725 0
945 0
155 0
967 0
347 0
768 0
991 0
956 0
697 0
787 0
598 0
546 0
443 0
534 0
114 0
127 0
523 0
226 0
239 0
736 0
476 0
481 0
495 0
171 0
374 0
293 0
288 0
189 0
148 0
244 0
369 0
854 0
649 0
551 0
457 0
464 0
662 0
517 0
621 0
772 0
978 0
794 0
983 0
741 0
842 0
713 0
811 0
828 0
932 0
919 0
412 0
438 0
429 0
385 0
396 0
886 0
899 0
