c Sudoku solution
p cnf 729 0
232 0
246 0
268 0
279 0
326 0
334 0
343 0
385 0
392 0
486 0
495 0
512 0
531 0
547 0
565 0
556 0
583 0
627 0
477 0
653 0
767 0
858 0
866 0
963 0
889 0
917 0
897 0
137 0
357 0
287 0
951 0
982 0
672 0
998 0
833 0
439 0
599 0
452 0
162 0
528 0
448 0
461 0
574 0
691 0
688 0
738 0
141 0
369 0
759 0
929 0
119 0
318 0
371 0
649 0
664 0
875 0
745 0
842 0
944 0
722 0
935 0
716 0
773 0
976 0
615 0
636 0
178 0
196 0
293 0
184 0
123 0
211 0
225 0
155 0
254 0
814 0
821 0
413 0
424 0
781 0
794 0
