c Sudoku solution
p cnf 729 0
145 0
193 0
248 0
252 0
291 0
313 0
263 0
361 0
377 0
389 0
411 0
427 0
573 0
616 0
647 0
651 0
581 0
597 0
662 0
684 0
724 0
756 0
354 0
346 0
566 0
829 0
926 0
121 0
623 0
225 0
286 0
395 0
274 0
136 0
114 0
955 0
465 0
675 0
972 0
178 0
182 0
488 0
492 0
476 0
699 0
558 0
522 0
638 0
328 0
332 0
871 0
779 0
896 0
994 0
798 0
767 0
853 0
443 0
459 0
544 0
434 0
842 0
741 0
949 0
864 0
968 0
931 0
733 0
712 0
785 0
983 0
887 0
835 0
818 0
917 0
515 0
539 0
219 0
237 0
157 0
169 0
