c Sudoku solution
p cnf 729 0
135 0
196 0
224 0
236 0
259 0
273 0
318 0
321 0
392 0
412 0
217 0
122 0
467 0
498 0
515 0
552 0
666 0
685 0
672 0
694 0
749 0
569 0
811 0
848 0
658 0
874 0
962 0
242 0
971 0
995 0
375 0
291 0
288 0
168 0
265 0
445 0
761 0
364 0
184 0
863 0
778 0
899 0
837 0
732 0
882 0
627 0
825 0
755 0
856 0
714 0
916 0
723 0
797 0
983 0
786 0
346 0
593 0
426 0
528 0
479 0
576 0
587 0
481 0
929 0
938 0
151 0
177 0
389 0
143 0
357 0
119 0
333 0
613 0
434 0
531 0
639 0
453 0
641 0
544 0
947 0
954 0
