c Sudoku solution
p cnf 729 0
131 0
152 0
228 0
265 0
289 0
326 0
344 0
371 0
458 0
483 0
554 0
562 0
585 0
629 0
637 0
827 0
884 0
923 0
521 0
932 0
422 0
951 0
241 0
967 0
764 0
725 0
914 0
434 0
124 0
233 0
335 0
976 0
988 0
995 0
949 0
469 0
661 0
491 0
477 0
547 0
513 0
359 0
257 0
119 0
296 0
274 0
187 0
382 0
212 0
317 0
694 0
175 0
781 0
797 0
811 0
686 0
672 0
536 0
415 0
618 0
446 0
716 0
753 0
166 0
655 0
643 0
148 0
363 0
193 0
398 0
845 0
742 0
856 0
868 0
779 0
738 0
839 0
873 0
892 0
578 0
599 0
