c Sudoku solution
p cnf 729 0
162 0
221 0
233 0
244 0
269 0
292 0
317 0
339 0
322 0
381 0
395 0
374 0
465 0
511 0
558 0
596 0
626 0
649 0
657 0
147 0
151 0
255 0
688 0
715 0
766 0
832 0
942 0
845 0
543 0
452 0
564 0
661 0
446 0
612 0
741 0
931 0
136 0
125 0
114 0
218 0
348 0
356 0
363 0
983 0
975 0
916 0
673 0
694 0
585 0
572 0
537 0
635 0
529 0
413 0
819 0
782 0
189 0
193 0
178 0
884 0
876 0
891 0
853 0
723 0
471 0
277 0
286 0
779 0
797 0
998 0
738 0
924 0
827 0
754 0
959 0
868 0
967 0
428 0
434 0
487 0
499 0
