c Sudoku solution
p cnf 729 0
168 0
211 0
289 0
295 0
325 0
373 0
412 0
476 0
484 0
516 0
548 0
551 0
629 0
644 0
683 0
724 0
534 0
819 0
836 0
923 0
113 0
314 0
527 0
433 0
563 0
945 0
155 0
465 0
952 0
662 0
656 0
964 0
254 0
243 0
999 0
986 0
579 0
592 0
585 0
875 0
894 0
793 0
853 0
758 0
174 0
359 0
139 0
457 0
449 0
769 0
746 0
715 0
618 0
635 0
421 0
498 0
917 0
978 0
828 0
732 0
931 0
882 0
272 0
388 0
226 0
122 0
342 0
196 0
267 0
366 0
141 0
187 0
391 0
238 0
337 0
847 0
861 0
781 0
777 0
671 0
697 0
