c Sudoku solution
p cnf 729 0
143 0
175 0
196 0
217 0
236 0
278 0
354 0
391 0
435 0
462 0
486 0
512 0
564 0
585 0
649 0
661 0
655 0
673 0
727 0
756 0
546 0
366 0
838 0
842 0
884 0
474 0
571 0
294 0
922 0
939 0
963 0
411 0
944 0
223 0
332 0
383 0
453 0
533 0
637 0
772 0
692 0
688 0
981 0
789 0
379 0
187 0
282 0
152 0
347 0
168 0
119 0
318 0
325 0
448 0
557 0
497 0
599 0
429 0
528 0
958 0
867 0
765 0
741 0
859 0
734 0
821 0
713 0
893 0
798 0
995 0
815 0
916 0
876 0
977 0
614 0
626 0
124 0
131 0
245 0
251 0
269 0
