c Sudoku solution
p cnf 729 0
111 0
136 0
147 0
279 0
287 0
334 0
342 0
353 0
376 0
398 0
433 0
469 0
159 0
477 0
584 0
617 0
327 0
319 0
652 0
671 0
699 0
718 0
735 0
638 0
232 0
812 0
824 0
414 0
831 0
937 0
539 0
843 0
889 0
867 0
797 0
557 0
923 0
916 0
729 0
949 0
213 0
515 0
626 0
365 0
381 0
991 0
663 0
644 0
685 0
445 0
164 0
294 0
128 0
225 0
974 0
754 0
955 0
982 0
773 0
786 0
895 0
878 0
762 0
741 0
968 0
856 0
593 0
175 0
572 0
496 0
488 0
422 0
521 0
451 0
566 0
548 0
246 0
261 0
258 0
183 0
192 0
