c Sudoku solution
p cnf 729 0
151 0
182 0
239 0
286 0
297 0
325 0
334 0
353 0
362 0
414 0
513 0
532 0
545 0
561 0
577 0
588 0
647 0
167 0
317 0
346 0
149 0
658 0
683 0
742 0
443 0
452 0
855 0
254 0
248 0
265 0
664 0
594 0
174 0
195 0
273 0
868 0
915 0
938 0
118 0
428 0
437 0
635 0
996 0
871 0
844 0
941 0
731 0
491 0
381 0
972 0
692 0
812 0
211 0
222 0
621 0
719 0
616 0
529 0
556 0
469 0
476 0
485 0
679 0
757 0
766 0
963 0
959 0
775 0
784 0
987 0
889 0
798 0
893 0
723 0
836 0
924 0
827 0
126 0
133 0
378 0
399 0
