c Sudoku solution
p cnf 729 0
158 0
191 0
239 0
243 0
296 0
364 0
398 0
429 0
431 0
537 0
592 0
645 0
657 0
666 0
719 0
746 0
356 0
784 0
795 0
824 0
867 0
888 0
928 0
768 0
218 0
274 0
638 0
134 0
933 0
732 0
335 0
525 0
126 0
836 0
962 0
872 0
463 0
976 0
147 0
893 0
753 0
112 0
622 0
323 0
561 0
265 0
169 0
497 0
694 0
613 0
999 0
981 0
777 0
721 0
815 0
917 0
955 0
944 0
311 0
227 0
251 0
342 0
282 0
841 0
859 0
452 0
448 0
414 0
516 0
486 0
475 0
583 0
578 0
549 0
554 0
671 0
689 0
173 0
185 0
379 0
387 0
