c Sudoku solution
p cnf 729 0
181 0
234 0
273 0
313 0
326 0
345 0
397 0
423 0
435 0
452 0
468 0
474 0
543 0
551 0
647 0
654 0
722 0
767 0
861 0
241 0
331 0
875 0
919 0
937 0
887 0
577 0
417 0
491 0
978 0
771 0
921 0
715 0
611 0
955 0
992 0
842 0
486 0
449 0
176 0
112 0
218 0
139 0
672 0
532 0
379 0
295 0
282 0
125 0
227 0
157 0
163 0
362 0
144 0
358 0
198 0
384 0
946 0
964 0
748 0
983 0
256 0
269 0
693 0
789 0
794 0
896 0
736 0
833 0
814 0
828 0
753 0
859 0
516 0
524 0
638 0
629 0
565 0
666 0
685 0
588 0
599 0
