c Sudoku solution
p cnf 729 0
188 0
213 0
259 0
267 0
276 0
348 0
363 0
379 0
445 0
583 0
639 0
654 0
668 0
672 0
695 0
727 0
731 0
792 0
844 0
164 0
916 0
923 0
433 0
643 0
935 0
714 0
984 0
997 0
857 0
753 0
958 0
778 0
971 0
861 0
765 0
746 0
789 0
547 0
949 0
962 0
574 0
477 0
424 0
617 0
387 0
282 0
175 0
193 0
355 0
156 0
137 0
241 0
142 0
294 0
391 0
238 0
334 0
326 0
312 0
225 0
452 0
551 0
515 0
621 0
418 0
536 0
522 0
598 0
569 0
466 0
686 0
111 0
129 0
819 0
828 0
832 0
873 0
896 0
885 0
481 0
499 0
