c Sudoku solution
p cnf 729 0
139 0
164 0
172 0
187 0
214 0
296 0
342 0
437 0
486 0
521 0
548 0
583 0
632 0
222 0
654 0
671 0
725 0
751 0
778 0
838 0
845 0
856 0
976 0
869 0
924 0
744 0
534 0
968 0
999 0
985 0
782 0
952 0
719 0
736 0
812 0
355 0
235 0
195 0
763 0
947 0
797 0
827 0
317 0
577 0
475 0
494 0
592 0
698 0
689 0
462 0
441 0
559 0
453 0
646 0
418 0
429 0
516 0
615 0
623 0
565 0
667 0
111 0
333 0
273 0
913 0
931 0
249 0
143 0
158 0
366 0
261 0
257 0
126 0
328 0
288 0
874 0
893 0
881 0
379 0
384 0
391 0
