c Sudoku solution
p cnf 729 0
256 0
267 0
337 0
358 0
381 0
392 0
523 0
566 0
575 0
615 0
631 0
678 0
689 0
693 0
626 0
727 0
839 0
861 0
882 0
472 0
894 0
934 0
438 0
548 0
532 0
943 0
959 0
519 0
417 0
424 0
584 0
486 0
491 0
597 0
551 0
998 0
768 0
846 0
857 0
825 0
818 0
873 0
785 0
987 0
965 0
329 0
647 0
345 0
449 0
169 0
455 0
463 0
153 0
364 0
744 0
752 0
654 0
662 0
376 0
283 0
195 0
299 0
188 0
177 0
274 0
114 0
136 0
235 0
313 0
228 0
733 0
971 0
779 0
796 0
711 0
922 0
916 0
212 0
121 0
142 0
241 0
