c Sudoku solution
p cnf 729 0
141 0
163 0
175 0
221 0
254 0
265 0
317 0
342 0
369 0
431 0
492 0
522 0
585 0
599 0
637 0
645 0
652 0
676 0
736 0
747 0
157 0
828 0
927 0
839 0
872 0
933 0
335 0
958 0
356 0
248 0
232 0
182 0
984 0
534 0
138 0
971 0
949 0
459 0
725 0
912 0
762 0
966 0
714 0
811 0
751 0
864 0
843 0
855 0
995 0
415 0
546 0
553 0
444 0
694 0
681 0
426 0
483 0
561 0
668 0
467 0
478 0
577 0
518 0
374 0
196 0
124 0
323 0
119 0
216 0
613 0
629 0
388 0
391 0
886 0
897 0
287 0
293 0
279 0
773 0
798 0
789 0
