c Sudoku solution
p cnf 729 0
117 0
166 0
185 0
226 0
284 0
347 0
388 0
424 0
511 0
543 0
633 0
662 0
674 0
757 0
763 0
789 0
792 0
838 0
856 0
916 0
776 0
748 0
396 0
932 0
842 0
961 0
973 0
987 0
881 0
875 0
894 0
998 0
869 0
827 0
813 0
929 0
483 0
582 0
686 0
412 0
536 0
437 0
619 0
446 0
567 0
554 0
697 0
459 0
218 0
158 0
265 0
364 0
134 0
714 0
315 0
735 0
721 0
944 0
955 0
645 0
651 0
468 0
495 0
471 0
525 0
628 0
331 0
239 0
241 0
149 0
191 0
293 0
277 0
123 0
322 0
172 0
379 0
252 0
353 0
578 0
599 0
