c Sudoku solution
p cnf 729 0
134 0
143 0
178 0
197 0
218 0
262 0
283 0
323 0
366 0
436 0
449 0
465 0
492 0
529 0
557 0
584 0
775 0
796 0
913 0
928 0
939 0
955 0
946 0
576 0
656 0
186 0
226 0
816 0
987 0
972 0
382 0
685 0
994 0
961 0
169 0
151 0
254 0
358 0
319 0
453 0
488 0
763 0
568 0
638 0
533 0
515 0
542 0
591 0
477 0
112 0
125 0
622 0
617 0
835 0
732 0
759 0
852 0
641 0
664 0
867 0
727 0
374 0
781 0
714 0
821 0
748 0
844 0
411 0
424 0
271 0
395 0
299 0
237 0
331 0
245 0
347 0
889 0
898 0
873 0
679 0
693 0
