c Sudoku solution
p cnf 729 0
222 0
231 0
257 0
269 0
294 0
363 0
378 0
382 0
391 0
516 0
544 0
555 0
593 0
623 0
668 0
675 0
796 0
841 0
874 0
883 0
924 0
936 0
962 0
987 0
999 0
971 0
772 0
532 0
812 0
715 0
721 0
788 0
895 0
945 0
285 0
197 0
346 0
165 0
151 0
142 0
354 0
248 0
276 0
173 0
189 0
213 0
126 0
918 0
733 0
953 0
858 0
866 0
114 0
138 0
443 0
759 0
764 0
747 0
649 0
498 0
692 0
452 0
656 0
486 0
684 0
581 0
434 0
637 0
425 0
611 0
419 0
528 0
461 0
567 0
477 0
579 0
317 0
329 0
335 0
827 0
839 0
