c Sudoku solution
p cnf 729 0
131 0
185 0
223 0
236 0
255 0
299 0
337 0
349 0
396 0
483 0
516 0
548 0
561 0
656 0
476 0
671 0
695 0
815 0
325 0
535 0
553 0
829 0
119 0
838 0
852 0
922 0
726 0
421 0
957 0
717 0
911 0
613 0
963 0
934 0
733 0
998 0
143 0
166 0
373 0
864 0
877 0
893 0
197 0
172 0
278 0
688 0
418 0
128 0
154 0
459 0
432 0
639 0
769 0
758 0
351 0
368 0
281 0
384 0
214 0
312 0
465 0
886 0
791 0
782 0
774 0
975 0
989 0
745 0
841 0
946 0
579 0
592 0
587 0
494 0
447 0
644 0
662 0
524 0
627 0
242 0
267 0
