c Sudoku solution
p cnf 729 0
117 0
193 0
238 0
253 0
272 0
367 0
449 0
474 0
497 0
287 0
519 0
544 0
556 0
575 0
613 0
626 0
634 0
486 0
583 0
463 0
648 0
657 0
665 0
598 0
723 0
333 0
745 0
831 0
882 0
692 0
918 0
428 0
969 0
971 0
873 0
777 0
788 0
943 0
847 0
679 0
681 0
355 0
159 0
168 0
264 0
176 0
378 0
739 0
899 0
936 0
927 0
712 0
952 0
866 0
858 0
796 0
537 0
451 0
562 0
415 0
521 0
432 0
814 0
825 0
141 0
246 0
342 0
211 0
316 0
391 0
122 0
135 0
324 0
229 0
184 0
389 0
295 0
754 0
761 0
985 0
994 0
