c Sudoku solution
p cnf 729 0
119 0
153 0
185 0
212 0
249 0
254 0
271 0
331 0
365 0
373 0
398 0
389 0
413 0
428 0
482 0
529 0
534 0
557 0
684 0
724 0
314 0
743 0
755 0
769 0
797 0
287 0
296 0
268 0
138 0
847 0
167 0
141 0
126 0
327 0
911 0
937 0
839 0
781 0
621 0
632 0
617 0
477 0
736 0
718 0
815 0
772 0
516 0
435 0
676 0
663 0
225 0
233 0
174 0
192 0
878 0
575 0
699 0
588 0
593 0
491 0
561 0
542 0
645 0
658 0
459 0
346 0
352 0
444 0
466 0
948 0
851 0
956 0
886 0
983 0
894 0
823 0
922 0
862 0
964 0
979 0
995 0
