c Sudoku solution
p cnf 729 0
165 0
224 0
266 0
278 0
293 0
332 0
341 0
358 0
431 0
445 0
456 0
468 0
479 0
514 0
525 0
563 0
671 0
551 0
711 0
121 0
281 0
748 0
823 0
313 0
483 0
494 0
633 0
839 0
549 0
927 0
422 0
417 0
726 0
329 0
215 0
237 0
242 0
259 0
619 0
116 0
138 0
628 0
536 0
943 0
846 0
773 0
153 0
974 0
935 0
734 0
952 0
918 0
812 0
662 0
376 0
875 0
755 0
991 0
986 0
861 0
969 0
854 0
767 0
657 0
644 0
147 0
364 0
184 0
199 0
172 0
577 0
685 0
696 0
387 0
395 0
888 0
897 0
582 0
598 0
789 0
792 0
