c Sudoku solution
p cnf 729 0
127 0
236 0
261 0
277 0
289 0
349 0
368 0
357 0
383 0
434 0
511 0
523 0
556 0
612 0
653 0
685 0
694 0
764 0
544 0
818 0
851 0
866 0
146 0
879 0
893 0
473 0
921 0
959 0
974 0
824 0
184 0
254 0
314 0
992 0
887 0
845 0
832 0
155 0
578 0
582 0
119 0
597 0
499 0
396 0
641 0
481 0
676 0
752 0
458 0
967 0
447 0
462 0
565 0
669 0
637 0
628 0
539 0
717 0
138 0
331 0
213 0
163 0
242 0
172 0
191 0
375 0
298 0
225 0
322 0
426 0
415 0
916 0
786 0
988 0
748 0
943 0
733 0
935 0
729 0
771 0
795 0
