c Sudoku solution
p cnf 729 0
182 0
194 0
215 0
222 0
279 0
334 0
375 0
387 0
424 0
447 0
486 0
521 0
559 0
584 0
663 0
697 0
749 0
813 0
826 0
852 0
898 0
928 0
951 0
977 0
995 0
685 0
499 0
629 0
725 0
127 0
323 0
288 0
358 0
455 0
535 0
433 0
517 0
768 0
156 0
654 0
776 0
792 0
874 0
714 0
845 0
867 0
753 0
781 0
889 0
983 0
737 0
831 0
236 0
396 0
616 0
165 0
369 0
342 0
311 0
257 0
291 0
173 0
141 0
264 0
243 0
648 0
461 0
562 0
546 0
671 0
593 0
472 0
578 0
418 0
632 0
912 0
939 0
119 0
138 0
944 0
966 0
