c Sudoku solution
p cnf 729 0
169 0
185 0
287 0
327 0
342 0
361 0
394 0
498 0
528 0
557 0
147 0
612 0
651 0
695 0
718 0
739 0
753 0
837 0
417 0
677 0
858 0
866 0
884 0
891 0
934 0
989 0
978 0
849 0
459 0
952 0
138 0
232 0
388 0
629 0
996 0
873 0
775 0
782 0
797 0
822 0
726 0
741 0
945 0
764 0
967 0
815 0
644 0
668 0
248 0
263 0
193 0
172 0
271 0
462 0
565 0
592 0
579 0
474 0
514 0
376 0
299 0
216 0
111 0
124 0
225 0
333 0
319 0
156 0
254 0
355 0
913 0
921 0
423 0
636 0
435 0
531 0
481 0
446 0
543 0
586 0
683 0
