c Sudoku solution
p cnf 729 0
125 0
133 0
152 0
171 0
211 0
279 0
344 0
357 0
361 0
385 0
398 0
373 0
413 0
447 0
468 0
532 0
624 0
699 0
726 0
759 0
777 0
781 0
937 0
867 0
945 0
974 0
986 0
889 0
878 0
962 0
993 0
823 0
642 0
472 0
484 0
282 0
322 0
187 0
227 0
597 0
491 0
429 0
617 0
919 0
316 0
339 0
455 0
436 0
265 0
569 0
554 0
149 0
166 0
194 0
296 0
118 0
234 0
515 0
576 0
675 0
846 0
541 0
528 0
631 0
583 0
688 0
921 0
835 0
738 0
795 0
892 0
712 0
814 0
764 0
743 0
851 0
958 0
248 0
253 0
656 0
663 0
