c Sudoku solution
p cnf 729 0
179 0
239 0
251 0
264 0
296 0
316 0
324 0
343 0
357 0
369 0
432 0
461 0
483 0
529 0
565 0
621 0
656 0
697 0
712 0
744 0
787 0
277 0
193 0
184 0
866 0
146 0
967 0
878 0
976 0
773 0
768 0
663 0
162 0
222 0
213 0
533 0
426 0
725 0
736 0
791 0
759 0
586 0
381 0
571 0
127 0
823 0
928 0
953 0
837 0
475 0
674 0
934 0
894 0
131 0
372 0
635 0
618 0
115 0
338 0
158 0
245 0
288 0
395 0
855 0
552 0
649 0
454 0
417 0
514 0
448 0
547 0
499 0
598 0
682 0
889 0
842 0
941 0
811 0
919 0
985 0
992 0
