c Sudoku solution
p cnf 729 0
129 0
184 0
266 0
289 0
343 0
357 0
369 0
372 0
391 0
481 0
514 0
523 0
597 0
621 0
635 0
658 0
694 0
726 0
745 0
768 0
846 0
852 0
874 0
938 0
949 0
971 0
541 0
556 0
459 0
953 0
444 0
254 0
647 0
751 0
867 0
964 0
734 0
825 0
324 0
336 0
155 0
161 0
231 0
811 0
833 0
719 0
792 0
899 0
888 0
539 0
679 0
385 0
215 0
113 0
318 0
428 0
995 0
986 0
616 0
432 0
417 0
912 0
927 0
222 0
137 0
142 0
248 0
277 0
293 0
773 0
787 0
683 0
582 0
578 0
463 0
662 0
565 0
475 0
496 0
176 0
198 0
