c Sudoku solution
p cnf 729 0
117 0
234 0
252 0
275 0
319 0
322 0
354 0
373 0
424 0
439 0
555 0
588 0
625 0
642 0
658 0
418 0
676 0
691 0
613 0
637 0
762 0
851 0
868 0
887 0
933 0
978 0
986 0
381 0
289 0
771 0
684 0
669 0
182 0
174 0
995 0
783 0
843 0
912 0
921 0
727 0
738 0
829 0
872 0
894 0
799 0
756 0
714 0
745 0
532 0
815 0
836 0
526 0
511 0
216 0
131 0
335 0
165 0
477 0
492 0
485 0
593 0
579 0
453 0
159 0
263 0
241 0
123 0
228 0
297 0
446 0
461 0
148 0
196 0
398 0
347 0
366 0
544 0
567 0
964 0
949 0
957 0
