c Sudoku solution
p cnf 729 0
134 0
151 0
178 0
284 0
297 0
323 0
345 0
358 0
364 0
381 0
421 0
453 0
498 0
549 0
586 0
593 0
679 0
685 0
728 0
799 0
189 0
273 0
195 0
812 0
835 0
856 0
868 0
988 0
829 0
648 0
894 0
965 0
959 0
775 0
555 0
415 0
439 0
225 0
319 0
337 0
116 0
122 0
736 0
626 0
252 0
246 0
269 0
466 0
754 0
444 0
657 0
574 0
691 0
561 0
662 0
532 0
633 0
518 0
527 0
614 0
924 0
211 0
238 0
931 0
871 0
741 0
942 0
782 0
996 0
883 0
977 0
847 0
763 0
717 0
913 0
143 0
167 0
376 0
392 0
472 0
487 0
