c Sudoku solution
p cnf 729 0
234 0
246 0
251 0
297 0
322 0
348 0
376 0
381 0
427 0
439 0
552 0
563 0
579 0
614 0
658 0
666 0
649 0
547 0
787 0
677 0
818 0
841 0
461 0
886 0
936 0
756 0
953 0
143 0
964 0
768 0
917 0
444 0
455 0
978 0
771 0
921 0
999 0
135 0
111 0
126 0
337 0
228 0
525 0
516 0
623 0
412 0
631 0
538 0
473 0
488 0
496 0
591 0
584 0
715 0
742 0
945 0
733 0
832 0
794 0
729 0
824 0
982 0
875 0
893 0
174 0
354 0
272 0
198 0
189 0
162 0
157 0
859 0
867 0
685 0
692 0
283 0
395 0
219 0
313 0
265 0
369 0
