c Sudoku solution
p cnf 729 0
159 0
198 0
211 0
287 0
356 0
367 0
372 0
436 0
447 0
491 0
514 0
543 0
582 0
612 0
627 0
666 0
735 0
762 0
452 0
771 0
793 0
824 0
868 0
926 0
116 0
137 0
521 0
953 0
995 0
892 0
932 0
831 0
813 0
651 0
597 0
576 0
296 0
145 0
242 0
122 0
855 0
757 0
917 0
877 0
254 0
263 0
161 0
348 0
381 0
275 0
399 0
334 0
323 0
315 0
425 0
633 0
941 0
558 0
565 0
539 0
418 0
719 0
728 0
229 0
238 0
685 0
678 0
988 0
889 0
786 0
974 0
744 0
969 0
846 0
649 0
464 0
483 0
479 0
694 0
173 0
184 0
