c Sudoku solution
p cnf 729 0
238 0
249 0
261 0
273 0
322 0
331 0
356 0
367 0
537 0
551 0
582 0
594 0
612 0
643 0
313 0
523 0
699 0
721 0
411 0
769 0
459 0
519 0
825 0
872 0
897 0
917 0
946 0
841 0
968 0
993 0
483 0
191 0
292 0
929 0
889 0
818 0
836 0
733 0
932 0
714 0
139 0
379 0
115 0
216 0
176 0
974 0
981 0
955 0
254 0
345 0
124 0
227 0
187 0
285 0
384 0
398 0
444 0
462 0
657 0
548 0
435 0
634 0
477 0
747 0
752 0
142 0
163 0
158 0
853 0
864 0
671 0
575 0
566 0
665 0
778 0
786 0
795 0
688 0
496 0
428 0
626 0
