c Sudoku solution
p cnf 729 0
172 0
233 0
265 0
271 0
284 0
349 0
396 0
442 0
461 0
494 0
559 0
563 0
582 0
615 0
644 0
668 0
716 0
725 0
734 0
762 0
799 0
189 0
839 0
969 0
873 0
974 0
887 0
986 0
778 0
781 0
683 0
193 0
353 0
252 0
135 0
757 0
743 0
656 0
455 0
547 0
488 0
385 0
377 0
298 0
246 0
126 0
364 0
167 0
114 0
524 0
866 0
854 0
575 0
591 0
697 0
476 0
679 0
437 0
536 0
518 0
913 0
927 0
419 0
423 0
217 0
229 0
948 0
845 0
951 0
892 0
995 0
811 0
828 0
932 0
312 0
622 0
631 0
321 0
338 0
141 0
158 0
