c Sudoku solution
p cnf 729 0
144 0
187 0
245 0
282 0
329 0
368 0
439 0
443 0
462 0
481 0
517 0
522 0
555 0
564 0
596 0
634 0
689 0
549 0
531 0
742 0
783 0
588 0
573 0
823 0
613 0
836 0
858 0
648 0
891 0
847 0
977 0
999 0
872 0
675 0
692 0
474 0
497 0
456 0
626 0
941 0
346 0
371 0
986 0
778 0
766 0
884 0
795 0
737 0
227 0
357 0
152 0
651 0
667 0
385 0
314 0
332 0
294 0
393 0
198 0
912 0
133 0
238 0
418 0
425 0
121 0
216 0
115 0
169 0
261 0
253 0
176 0
279 0
711 0
724 0
819 0
759 0
954 0
963 0
865 0
928 0
935 0
