c Sudoku solution
p cnf 729 0
181 0
238 0
295 0
378 0
389 0
394 0
422 0
456 0
515 0
544 0
559 0
597 0
657 0
661 0
673 0
725 0
769 0
818 0
829 0
832 0
865 0
917 0
437 0
923 0
954 0
982 0
975 0
999 0
479 0
851 0
931 0
253 0
193 0
692 0
562 0
533 0
313 0
463 0
896 0
411 0
498 0
571 0
586 0
484 0
685 0
445 0
648 0
528 0
946 0
968 0
752 0
342 0
241 0
355 0
158 0
149 0
135 0
336 0
219 0
112 0
272 0
321 0
367 0
639 0
626 0
614 0
716 0
734 0
777 0
791 0
874 0
883 0
788 0
743 0
847 0
176 0
287 0
164 0
266 0
127 0
224 0
