c Sudoku solution
p cnf 729 0
164 0
227 0
235 0
256 0
282 0
313 0
349 0
374 0
214 0
436 0
512 0
528 0
553 0
565 0
577 0
625 0
696 0
546 0
732 0
837 0
845 0
868 0
899 0
279 0
918 0
715 0
923 0
633 0
985 0
994 0
534 0
591 0
589 0
492 0
678 0
475 0
483 0
684 0
873 0
972 0
852 0
824 0
966 0
261 0
763 0
298 0
193 0
395 0
243 0
155 0
788 0
797 0
467 0
617 0
362 0
122 0
642 0
669 0
651 0
171 0
776 0
881 0
816 0
411 0
429 0
119 0
326 0
331 0
138 0
186 0
387 0
147 0
358 0
721 0
939 0
744 0
941 0
759 0
957 0
448 0
454 0
