c Sudoku solution
p cnf 729 0
168 0
196 0
236 0
241 0
265 0
277 0
298 0
442 0
537 0
549 0
558 0
572 0
583 0
622 0
643 0
687 0
691 0
731 0
775 0
817 0
833 0
878 0
488 0
886 0
925 0
845 0
932 0
957 0
797 0
467 0
999 0
973 0
981 0
393 0
763 0
892 0
784 0
752 0
362 0
869 0
851 0
824 0
561 0
526 0
515 0
594 0
495 0
655 0
223 0
153 0
413 0
421 0
385 0
135 0
374 0
171 0
311 0
127 0
144 0
259 0
347 0
356 0
112 0
214 0
189 0
282 0
964 0
454 0
666 0
439 0
634 0
618 0
476 0
679 0
916 0
719 0
728 0
746 0
948 0
329 0
338 0
