c Sudoku solution
p cnf 729 0
164 0
196 0
245 0
279 0
281 0
322 0
331 0
343 0
356 0
394 0
424 0
438 0
462 0
649 0
666 0
675 0
719 0
369 0
721 0
744 0
778 0
377 0
783 0
736 0
823 0
627 0
895 0
914 0
234 0
937 0
925 0
832 0
818 0
315 0
185 0
388 0
455 0
535 0
529 0
226 0
128 0
139 0
633 0
765 0
698 0
757 0
861 0
846 0
859 0
792 0
887 0
874 0
293 0
172 0
151 0
147 0
252 0
268 0
113 0
217 0
942 0
441 0
654 0
416 0
473 0
489 0
497 0
584 0
682 0
591 0
576 0
512 0
611 0
548 0
567 0
553 0
958 0
963 0
971 0
999 0
986 0
