c Sudoku solution
p cnf 729 0
129 0
198 0
248 0
265 0
337 0
359 0
383 0
423 0
452 0
544 0
622 0
653 0
666 0
681 0
721 0
734 0
769 0
773 0
593 0
813 0
233 0
851 0
879 0
935 0
919 0
943 0
163 0
958 0
994 0
971 0
864 0
582 0
539 0
638 0
962 0
361 0
291 0
289 0
441 0
649 0
555 0
436 0
511 0
576 0
527 0
568 0
467 0
131 0
717 0
832 0
926 0
828 0
792 0
847 0
788 0
987 0
318 0
325 0
374 0
224 0
154 0
745 0
756 0
257 0
484 0
478 0
499 0
415 0
614 0
272 0
396 0
216 0
112 0
146 0
342 0
886 0
895 0
185 0
177 0
675 0
697 0
