c Sudoku solution
p cnf 729 0
171 0
194 0
263 0
331 0
349 0
355 0
386 0
392 0
446 0
487 0
519 0
535 0
572 0
581 0
627 0
632 0
678 0
728 0
739 0
744 0
756 0
166 0
785 0
837 0
858 0
869 0
813 0
982 0
884 0
876 0
891 0
998 0
979 0
474 0
275 0
241 0
689 0
459 0
462 0
495 0
842 0
712 0
825 0
761 0
115 0
651 0
183 0
377 0
299 0
288 0
138 0
323 0
147 0
152 0
254 0
368 0
129 0
222 0
236 0
314 0
217 0
616 0
524 0
664 0
645 0
596 0
693 0
911 0
418 0
421 0
433 0
926 0
934 0
965 0
943 0
957 0
548 0
553 0
567 0
773 0
797 0
