c Sudoku solution
p cnf 729 0
123 0
132 0
156 0
179 0
214 0
231 0
295 0
315 0
363 0
386 0
226 0
394 0
474 0
528 0
533 0
564 0
144 0
165 0
639 0
624 0
329 0
651 0
341 0
687 0
747 0
792 0
812 0
616 0
422 0
435 0
825 0
721 0
927 0
337 0
118 0
197 0
181 0
877 0
859 0
919 0
713 0
789 0
996 0
576 0
971 0
861 0
962 0
668 0
693 0
488 0
766 0
836 0
884 0
446 0
453 0
273 0
983 0
898 0
775 0
843 0
672 0
585 0
645 0
948 0
955 0
754 0
738 0
934 0
378 0
282 0
249 0
267 0
258 0
352 0
542 0
557 0
469 0
417 0
511 0
491 0
599 0
