c Sudoku solution
p cnf 729 0
181 0
193 0
254 0
334 0
174 0
346 0
359 0
368 0
498 0
523 0
313 0
321 0
577 0
622 0
638 0
656 0
669 0
731 0
753 0
786 0
839 0
933 0
842 0
897 0
387 0
916 0
712 0
866 0
958 0
548 0
991 0
851 0
225 0
815 0
145 0
157 0
162 0
232 0
136 0
217 0
647 0
118 0
129 0
426 0
535 0
437 0
596 0
552 0
455 0
276 0
299 0
288 0
392 0
375 0
471 0
673 0
482 0
589 0
561 0
419 0
514 0
611 0
241 0
263 0
443 0
464 0
972 0
878 0
883 0
779 0
728 0
927 0
824 0
767 0
965 0
795 0
984 0
744 0
949 0
685 0
694 0
