c Sudoku solution
p cnf 729 0
136 0
147 0
182 0
194 0
214 0
265 0
279 0
297 0
327 0
351 0
376 0
395 0
413 0
466 0
478 0
524 0
531 0
662 0
722 0
761 0
774 0
789 0
896 0
954 0
834 0
364 0
969 0
977 0
992 0
572 0
432 0
312 0
798 0
339 0
159 0
343 0
168 0
388 0
455 0
429 0
487 0
684 0
586 0
675 0
444 0
641 0
549 0
491 0
515 0
558 0
567 0
653 0
593 0
699 0
111 0
125 0
173 0
281 0
819 0
733 0
935 0
717 0
983 0
921 0
828 0
916 0
948 0
626 0
618 0
637 0
223 0
238 0
863 0
857 0
842 0
246 0
252 0
745 0
756 0
871 0
885 0
