c Sudoku solution
p cnf 729 0
127 0
216 0
245 0
262 0
348 0
357 0
364 0
381 0
425 0
441 0
537 0
542 0
563 0
585 0
639 0
682 0
694 0
722 0
756 0
787 0
813 0
917 0
851 0
952 0
161 0
146 0
647 0
867 0
655 0
898 0
872 0
835 0
921 0
231 0
983 0
743 0
611 0
315 0
329 0
719 0
259 0
153 0
469 0
666 0
297 0
477 0
433 0
412 0
628 0
526 0
514 0
496 0
673 0
488 0
454 0
558 0
118 0
223 0
332 0
134 0
192 0
175 0
189 0
824 0
738 0
936 0
774 0
791 0
765 0
968 0
849 0
944 0
886 0
571 0
599 0
376 0
393 0
278 0
284 0
979 0
995 0
