c Sudoku solution
p cnf 729 0
125 0
133 0
146 0
157 0
199 0
285 0
352 0
381 0
396 0
463 0
477 0
297 0
492 0
519 0
586 0
645 0
365 0
722 0
751 0
795 0
575 0
811 0
161 0
836 0
855 0
889 0
679 0
971 0
776 0
949 0
739 0
329 0
459 0
269 0
984 0
872 0
787 0
962 0
956 0
542 0
441 0
847 0
743 0
253 0
373 0
666 0
567 0
182 0
683 0
523 0
913 0
935 0
927 0
893 0
998 0
415 0
426 0
216 0
232 0
221 0
612 0
317 0
637 0
531 0
691 0
488 0
594 0
434 0
628 0
558 0
654 0
824 0
718 0
764 0
868 0
114 0
338 0
178 0
274 0
248 0
344 0
