c Sudoku solution
p cnf 729 0
137 0
258 0
275 0
286 0
315 0
338 0
356 0
367 0
297 0
463 0
488 0
527 0
549 0
552 0
622 0
647 0
477 0
492 0
654 0
666 0
568 0
618 0
695 0
535 0
739 0
784 0
796 0
576 0
594 0
824 0
861 0
932 0
946 0
964 0
971 0
917 0
757 0
887 0
985 0
725 0
711 0
928 0
762 0
872 0
513 0
631 0
581 0
816 0
833 0
126 0
429 0
436 0
414 0
234 0
269 0
165 0
212 0
119 0
182 0
342 0
144 0
374 0
679 0
683 0
389 0
151 0
243 0
391 0
221 0
323 0
441 0
455 0
748 0
953 0
845 0
859 0
773 0
999 0
898 0
178 0
193 0
