c Sudoku solution
p cnf 729 0
115 0
156 0
168 0
286 0
324 0
332 0
316 0
355 0
448 0
479 0
531 0
584 0
619 0
633 0
676 0
682 0
717 0
761 0
799 0
834 0
414 0
842 0
893 0
996 0
928 0
811 0
518 0
698 0
912 0
723 0
772 0
974 0
981 0
213 0
238 0
192 0
144 0
754 0
858 0
788 0
664 0
294 0
275 0
877 0
885 0
573 0
171 0
221 0
183 0
378 0
397 0
389 0
341 0
363 0
651 0
943 0
453 0
491 0
487 0
595 0
137 0
129 0
826 0
735 0
939 0
746 0
965 0
869 0
957 0
436 0
645 0
462 0
425 0
522 0
627 0
566 0
252 0
559 0
547 0
249 0
267 0
