c Sudoku solution
p cnf 729 0
129 0
135 0
172 0
216 0
299 0
334 0
349 0
386 0
532 0
541 0
557 0
579 0
611 0
648 0
656 0
684 0
731 0
762 0
692 0
813 0
875 0
922 0
882 0
312 0
939 0
789 0
419 0
669 0
625 0
859 0
953 0
967 0
861 0
758 0
166 0
976 0
147 0
118 0
717 0
915 0
745 0
944 0
846 0
726 0
824 0
838 0
897 0
514 0
436 0
596 0
183 0
793 0
774 0
194 0
151 0
355 0
285 0
588 0
495 0
565 0
428 0
637 0
523 0
673 0
233 0
242 0
254 0
268 0
363 0
443 0
452 0
464 0
378 0
277 0
391 0
221 0
327 0
471 0
487 0
981 0
998 0
