c Sudoku solution
p cnf 729 0
126 0
192 0
213 0
262 0
289 0
331 0
375 0
387 0
396 0
532 0
546 0
256 0
573 0
183 0
581 0
628 0
643 0
665 0
674 0
294 0
737 0
759 0
766 0
798 0
723 0
433 0
488 0
867 0
911 0
421 0
651 0
682 0
476 0
161 0
178 0
271 0
772 0
741 0
891 0
993 0
977 0
879 0
853 0
363 0
955 0
452 0
714 0
785 0
524 0
134 0
157 0
227 0
825 0
235 0
119 0
318 0
322 0
145 0
248 0
354 0
349 0
812 0
929 0
942 0
616 0
639 0
697 0
447 0
464 0
558 0
569 0
415 0
517 0
499 0
595 0
844 0
968 0
886 0
984 0
838 0
936 0
