c Sudoku solution
p cnf 729 0
122 0
175 0
269 0
271 0
282 0
336 0
348 0
437 0
484 0
558 0
567 0
621 0
645 0
666 0
688 0
723 0
732 0
777 0
697 0
785 0
796 0
186 0
387 0
853 0
862 0
352 0
874 0
978 0
992 0
983 0
768 0
911 0
131 0
361 0
255 0
246 0
956 0
965 0
157 0
463 0
143 0
164 0
581 0
889 0
891 0
847 0
927 0
217 0
495 0
514 0
654 0
719 0
934 0
949 0
118 0
224 0
233 0
199 0
298 0
394 0
373 0
613 0
412 0
639 0
428 0
526 0
535 0
542 0
476 0
672 0
816 0
315 0
329 0
825 0
838 0
744 0
751 0
441 0
459 0
579 0
593 0
