c Sudoku solution
p cnf 729 0
143 0
197 0
231 0
284 0
298 0
314 0
322 0
439 0
496 0
538 0
546 0
572 0
182 0
593 0
621 0
649 0
589 0
662 0
412 0
759 0
766 0
829 0
841 0
857 0
885 0
942 0
252 0
988 0
386 0
156 0
164 0
171 0
135 0
128 0
119 0
481 0
783 0
687 0
777 0
926 0
876 0
216 0
636 0
892 0
732 0
834 0
725 0
361 0
269 0
551 0
524 0
868 0
744 0
791 0
718 0
911 0
937 0
813 0
615 0
423 0
517 0
653 0
565 0
467 0
475 0
694 0
678 0
227 0
333 0
273 0
245 0
358 0
347 0
448 0
454 0
955 0
963 0
974 0
999 0
379 0
395 0
