c Sudoku solution
p cnf 729 0
111 0
179 0
188 0
216 0
258 0
281 0
322 0
335 0
318 0
386 0
436 0
444 0
462 0
539 0
229 0
576 0
583 0
638 0
647 0
656 0
689 0
459 0
663 0
793 0
855 0
551 0
864 0
871 0
942 0
757 0
953 0
152 0
354 0
397 0
373 0
968 0
548 0
565 0
267 0
166 0
999 0
896 0
778 0
828 0
849 0
746 0
761 0
926 0
931 0
719 0
341 0
369 0
498 0
691 0
421 0
413 0
833 0
123 0
234 0
137 0
145 0
243 0
194 0
527 0
732 0
817 0
882 0
592 0
674 0
514 0
612 0
625 0
915 0
724 0
785 0
272 0
295 0
977 0
984 0
475 0
487 0
