c Sudoku solution
p cnf 729 0
112 0
144 0
165 0
176 0
191 0
262 0
333 0
357 0
375 0
398 0
382 0
437 0
442 0
469 0
481 0
518 0
525 0
579 0
629 0
694 0
722 0
741 0
893 0
911 0
871 0
852 0
948 0
668 0
478 0
996 0
972 0
592 0
632 0
531 0
651 0
361 0
221 0
495 0
645 0
239 0
215 0
127 0
138 0
258 0
246 0
153 0
349 0
189 0
297 0
828 0
788 0
543 0
567 0
554 0
456 0
616 0
586 0
314 0
326 0
413 0
424 0
923 0
847 0
964 0
866 0
763 0
736 0
774 0
755 0
959 0
834 0
935 0
885 0
819 0
717 0
799 0
987 0
273 0
284 0
677 0
683 0
