c Sudoku solution
p cnf 729 0
129 0
138 0
187 0
271 0
325 0
334 0
346 0
399 0
439 0
448 0
454 0
467 0
526 0
624 0
666 0
681 0
693 0
795 0
845 0
877 0
597 0
892 0
991 0
496 0
194 0
298 0
928 0
957 0
247 0
264 0
259 0
285 0
176 0
317 0
111 0
421 0
413 0
637 0
823 0
222 0
216 0
233 0
727 0
482 0
475 0
372 0
383 0
973 0
984 0
814 0
744 0
936 0
915 0
831 0
732 0
719 0
778 0
786 0
889 0
856 0
868 0
535 0
655 0
541 0
143 0
152 0
165 0
553 0
751 0
763 0
358 0
361 0
574 0
679 0
588 0
512 0
618 0
569 0
642 0
949 0
962 0
