c Sudoku solution
p cnf 729 0
124 0
168 0
212 0
235 0
287 0
328 0
352 0
439 0
443 0
497 0
533 0
546 0
585 0
591 0
631 0
654 0
676 0
693 0
749 0
879 0
689 0
882 0
192 0
932 0
762 0
642 0
618 0
947 0
777 0
848 0
738 0
834 0
964 0
953 0
783 0
794 0
996 0
895 0
755 0
399 0
298 0
716 0
721 0
426 0
522 0
472 0
145 0
375 0
241 0
344 0
274 0
173 0
971 0
988 0
578 0
484 0
415 0
514 0
627 0
461 0
458 0
665 0
919 0
925 0
229 0
313 0
111 0
186 0
381 0
137 0
336 0
159 0
367 0
263 0
256 0
817 0
823 0
851 0
866 0
557 0
569 0
