c Sudoku solution
p cnf 729 0
155 0
229 0
278 0
335 0
354 0
363 0
399 0
452 0
528 0
539 0
576 0
593 0
634 0
646 0
685 0
295 0
761 0
831 0
845 0
862 0
874 0
936 0
948 0
168 0
149 0
318 0
738 0
658 0
443 0
437 0
266 0
987 0
991 0
133 0
232 0
283 0
342 0
214 0
724 0
747 0
964 0
544 0
551 0
582 0
697 0
515 0
465 0
567 0
669 0
671 0
479 0
775 0
973 0
753 0
959 0
856 0
898 0
889 0
719 0
912 0
925 0
613 0
622 0
817 0
823 0
241 0
257 0
377 0
172 0
127 0
786 0
792 0
381 0
184 0
196 0
111 0
326 0
416 0
421 0
488 0
494 0
