c Sudoku solution
p cnf 729 0
118 0
224 0
237 0
299 0
319 0
391 0
461 0
478 0
525 0
559 0
564 0
577 0
646 0
667 0
673 0
681 0
489 0
734 0
741 0
766 0
847 0
874 0
971 0
779 0
893 0
935 0
215 0
251 0
963 0
996 0
592 0
586 0
276 0
798 0
197 0
357 0
156 0
453 0
548 0
954 0
928 0
949 0
638 0
629 0
839 0
169 0
858 0
372 0
175 0
912 0
987 0
614 0
494 0
695 0
445 0
652 0
365 0
268 0
242 0
283 0
184 0
388 0
143 0
344 0
755 0
862 0
782 0
885 0
122 0
131 0
821 0
816 0
511 0
533 0
713 0
727 0
417 0
426 0
432 0
323 0
336 0
