c Sudoku solution
p cnf 729 0
227 0
236 0
261 0
318 0
332 0
366 0
385 0
429 0
457 0
473 0
526 0
592 0
611 0
624 0
412 0
656 0
679 0
751 0
764 0
843 0
882 0
935 0
125 0
515 0
438 0
465 0
695 0
949 0
746 0
855 0
722 0
775 0
245 0
962 0
958 0
867 0
828 0
642 0
987 0
717 0
688 0
577 0
533 0
637 0
663 0
739 0
899 0
783 0
798 0
278 0
172 0
252 0
359 0
153 0
168 0
548 0
441 0
554 0
569 0
581 0
144 0
347 0
119 0
131 0
323 0
214 0
197 0
186 0
289 0
293 0
913 0
921 0
834 0
816 0
871 0
374 0
391 0
976 0
994 0
484 0
496 0
