c Sudoku solution
p cnf 729 0
135 0
151 0
164 0
221 0
257 0
338 0
369 0
376 0
411 0
455 0
463 0
499 0
522 0
587 0
619 0
636 0
661 0
726 0
739 0
129 0
752 0
353 0
262 0
345 0
818 0
889 0
279 0
967 0
998 0
658 0
566 0
486 0
578 0
591 0
428 0
515 0
533 0
234 0
327 0
312 0
717 0
914 0
624 0
437 0
647 0
442 0
474 0
865 0
768 0
823 0
925 0
896 0
877 0
832 0
931 0
841 0
854 0
743 0
544 0
559 0
949 0
956 0
771 0
675 0
197 0
381 0
394 0
784 0
795 0
285 0
293 0
172 0
188 0
113 0
216 0
146 0
248 0
973 0
982 0
683 0
692 0
