c Sudoku solution
p cnf 729 0
213 0
235 0
254 0
292 0
342 0
356 0
398 0
421 0
544 0
579 0
595 0
627 0
643 0
666 0
672 0
691 0
717 0
812 0
851 0
561 0
868 0
874 0
916 0
518 0
945 0
988 0
782 0
478 0
684 0
658 0
639 0
615 0
414 0
833 0
523 0
122 0
226 0
138 0
337 0
324 0
248 0
141 0
119 0
311 0
929 0
825 0
728 0
775 0
971 0
731 0
934 0
764 0
277 0
281 0
389 0
269 0
373 0
176 0
185 0
194 0
365 0
455 0
449 0
847 0
746 0
759 0
793 0
997 0
483 0
587 0
496 0
432 0
536 0
467 0
552 0
953 0
962 0
157 0
163 0
886 0
899 0
