c Sudoku solution
p cnf 729 0
228 0
234 0
285 0
293 0
311 0
353 0
378 0
382 0
499 0
516 0
573 0
618 0
623 0
635 0
641 0
659 0
697 0
731 0
765 0
826 0
848 0
938 0
919 0
956 0
974 0
981 0
992 0
895 0
925 0
115 0
133 0
336 0
345 0
394 0
539 0
475 0
591 0
672 0
421 0
555 0
196 0
776 0
798 0
369 0
279 0
171 0
187 0
129 0
212 0
327 0
749 0
877 0
783 0
889 0
813 0
832 0
724 0
717 0
752 0
414 0
522 0
437 0
458 0
486 0
684 0
588 0
666 0
246 0
257 0
261 0
851 0
864 0
154 0
142 0
168 0
443 0
462 0
947 0
963 0
544 0
567 0
