c Sudoku solution
p cnf 729 0
159 0
186 0
247 0
255 0
271 0
288 0
316 0
266 0
327 0
415 0
443 0
472 0
533 0
551 0
564 0
614 0
632 0
542 0
673 0
768 0
799 0
877 0
197 0
881 0
913 0
941 0
954 0
967 0
469 0
849 0
665 0
745 0
646 0
995 0
982 0
123 0
293 0
392 0
162 0
361 0
353 0
825 0
783 0
863 0
234 0
724 0
776 0
894 0
978 0
752 0
856 0
812 0
838 0
219 0
222 0
335 0
131 0
118 0
175 0
144 0
348 0
711 0
737 0
517 0
436 0
926 0
939 0
374 0
389 0
585 0
596 0
579 0
687 0
484 0
457 0
658 0
528 0
421 0
629 0
498 0
691 0
