c Sudoku solution
p cnf 729 0
124 0
156 0
171 0
187 0
245 0
252 0
311 0
261 0
398 0
438 0
495 0
548 0
168 0
563 0
572 0
616 0
622 0
637 0
679 0
688 0
693 0
721 0
531 0
481 0
796 0
586 0
834 0
855 0
665 0
862 0
442 0
466 0
947 0
846 0
951 0
758 0
743 0
891 0
641 0
654 0
149 0
192 0
332 0
353 0
344 0
367 0
597 0
474 0
514 0
525 0
457 0
559 0
115 0
133 0
782 0
912 0
764 0
969 0
994 0
889 0
284 0
273 0
299 0
376 0
385 0
236 0
329 0
926 0
935 0
739 0
717 0
775 0
983 0
978 0
877 0
218 0
227 0
813 0
828 0
419 0
423 0
