c Sudoku solution
p cnf 729 0
129 0
165 0
196 0
218 0
241 0
279 0
428 0
434 0
515 0
522 0
551 0
566 0
616 0
633 0
649 0
668 0
695 0
753 0
775 0
813 0
855 0
445 0
878 0
917 0
925 0
962 0
971 0
476 0
984 0
993 0
342 0
311 0
181 0
419 0
621 0
537 0
132 0
114 0
712 0
672 0
687 0
491 0
483 0
574 0
452 0
467 0
543 0
654 0
173 0
377 0
227 0
323 0
263 0
364 0
359 0
256 0
294 0
282 0
398 0
385 0
235 0
336 0
946 0
157 0
148 0
958 0
738 0
831 0
939 0
761 0
869 0
892 0
886 0
789 0
797 0
726 0
824 0
744 0
847 0
588 0
599 0
