c Sudoku solution
p cnf 729 0
164 0
225 0
251 0
287 0
296 0
357 0
394 0
413 0
456 0
478 0
539 0
547 0
628 0
669 0
682 0
693 0
723 0
735 0
858 0
568 0
553 0
886 0
899 0
489 0
919 0
931 0
718 0
926 0
944 0
654 0
985 0
998 0
952 0
759 0
155 0
375 0
214 0
581 0
595 0
574 0
497 0
676 0
522 0
434 0
421 0
641 0
516 0
615 0
637 0
329 0
127 0
817 0
824 0
832 0
746 0
136 0
366 0
784 0
311 0
112 0
191 0
272 0
179 0
249 0
263 0
342 0
148 0
183 0
388 0
238 0
333 0
445 0
462 0
843 0
967 0
865 0
761 0
871 0
973 0
777 0
792 0
