c Sudoku solution
p cnf 729 0
161 0
219 0
238 0
255 0
276 0
312 0
358 0
384 0
439 0
448 0
474 0
522 0
547 0
554 0
579 0
588 0
593 0
731 0
511 0
757 0
789 0
886 0
915 0
926 0
829 0
951 0
641 0
972 0
832 0
853 0
997 0
983 0
817 0
934 0
949 0
968 0
677 0
427 0
565 0
536 0
413 0
635 0
663 0
659 0
682 0
696 0
718 0
723 0
775 0
794 0
116 0
614 0
628 0
845 0
864 0
456 0
462 0
152 0
369 0
346 0
267 0
199 0
178 0
373 0
243 0
144 0
133 0
337 0
125 0
224 0
321 0
187 0
395 0
742 0
766 0
871 0
898 0
281 0
292 0
485 0
491 0
