c Sudoku solution
p cnf 729 0
124 0
195 0
215 0
299 0
366 0
435 0
444 0
488 0
516 0
537 0
563 0
622 0
648 0
528 0
661 0
689 0
725 0
743 0
778 0
398 0
791 0
813 0
614 0
633 0
854 0
264 0
886 0
946 0
736 0
934 0
784 0
226 0
323 0
374 0
594 0
176 0
952 0
841 0
712 0
965 0
868 0
875 0
892 0
979 0
827 0
839 0
918 0
921 0
429 0
411 0
677 0
585 0
571 0
696 0
456 0
467 0
542 0
655 0
559 0
247 0
149 0
162 0
345 0
351 0
117 0
319 0
387 0
332 0
757 0
769 0
282 0
181 0
273 0
138 0
231 0
153 0
258 0
472 0
493 0
983 0
997 0
