c Sudoku solution
p cnf 729 0
154 0
225 0
299 0
333 0
357 0
368 0
374 0
431 0
516 0
522 0
645 0
165 0
663 0
678 0
752 0
836 0
844 0
877 0
893 0
914 0
234 0
935 0
812 0
855 0
132 0
415 0
423 0
624 0
538 0
713 0
941 0
869 0
953 0
748 0
458 0
982 0
692 0
272 0
342 0
149 0
243 0
462 0
564 0
446 0
547 0
479 0
686 0
559 0
651 0
256 0
261 0
976 0
998 0
881 0
775 0
794 0
789 0
721 0
828 0
766 0
967 0
737 0
929 0
127 0
326 0
218 0
111 0
319 0
287 0
617 0
639 0
571 0
595 0
583 0
173 0
385 0
391 0
484 0
497 0
188 0
196 0
