c Sudoku solution
p cnf 729 0
125 0
167 0
221 0
288 0
318 0
376 0
385 0
394 0
424 0
442 0
495 0
512 0
531 0
556 0
584 0
598 0
615 0
654 0
673 0
843 0
868 0
886 0
696 0
682 0
913 0
944 0
264 0
959 0
992 0
739 0
822 0
811 0
661 0
899 0
297 0
417 0
436 0
523 0
638 0
629 0
577 0
458 0
463 0
647 0
327 0
148 0
246 0
255 0
116 0
134 0
219 0
233 0
332 0
272 0
152 0
714 0
874 0
762 0
966 0
726 0
928 0
778 0
975 0
981 0
793 0
787 0
857 0
835 0
937 0
353 0
341 0
369 0
745 0
751 0
549 0
565 0
489 0
471 0
179 0
191 0
183 0
