c Sudoku solution
p cnf 729 0
131 0
192 0
213 0
265 0
274 0
325 0
342 0
388 0
444 0
459 0
481 0
545 0
594 0
661 0
677 0
698 0
748 0
772 0
786 0
795 0
815 0
955 0
829 0
769 0
834 0
754 0
984 0
878 0
866 0
852 0
887 0
289 0
149 0
579 0
999 0
891 0
973 0
843 0
941 0
967 0
646 0
653 0
247 0
397 0
557 0
371 0
296 0
251 0
356 0
158 0
363 0
164 0
314 0
339 0
624 0
619 0
175 0
183 0
476 0
685 0
582 0
493 0
435 0
632 0
462 0
568 0
912 0
418 0
427 0
222 0
238 0
126 0
117 0
516 0
521 0
533 0
711 0
723 0
737 0
928 0
936 0
