c Sudoku solution
p cnf 729 0
137 0
166 0
271 0
294 0
324 0
342 0
363 0
399 0
414 0
438 0
496 0
519 0
548 0
551 0
141 0
154 0
129 0
669 0
783 0
831 0
311 0
853 0
865 0
888 0
912 0
968 0
761 0
752 0
564 0
462 0
267 0
975 0
797 0
892 0
991 0
827 0
816 0
923 0
617 0
844 0
879 0
489 0
681 0
674 0
698 0
421 0
776 0
984 0
734 0
939 0
749 0
245 0
358 0
259 0
455 0
656 0
643 0
447 0
473 0
595 0
533 0
635 0
526 0
622 0
232 0
286 0
377 0
385 0
182 0
115 0
213 0
336 0
228 0
718 0
725 0
946 0
957 0
572 0
587 0
178 0
193 0
