c Sudoku solution
p cnf 729 0
118 0
163 0
197 0
282 0
299 0
315 0
331 0
352 0
394 0
517 0
533 0
591 0
621 0
653 0
672 0
728 0
735 0
747 0
811 0
876 0
884 0
898 0
946 0
843 0
716 0
975 0
987 0
171 0
781 0
779 0
793 0
992 0
762 0
754 0
412 0
542 0
185 0
386 0
477 0
574 0
667 0
257 0
327 0
373 0
278 0
837 0
822 0
132 0
129 0
144 0
156 0
464 0
566 0
525 0
426 0
236 0
483 0
495 0
696 0
645 0
241 0
265 0
451 0
961 0
958 0
855 0
869 0
559 0
448 0
439 0
638 0
614 0
588 0
689 0
213 0
224 0
923 0
919 0
934 0
349 0
368 0
