c Sudoku solution
p cnf 729 0
183 0
198 0
234 0
326 0
332 0
343 0
354 0
174 0
429 0
496 0
537 0
565 0
584 0
612 0
633 0
516 0
666 0
695 0
736 0
748 0
764 0
777 0
828 0
521 0
624 0
444 0
438 0
415 0
835 0
863 0
872 0
957 0
817 0
914 0
894 0
251 0
939 0
711 0
119 0
131 0
318 0
213 0
268 0
369 0
487 0
592 0
647 0
461 0
473 0
452 0
549 0
553 0
658 0
578 0
167 0
125 0
227 0
245 0
755 0
722 0
923 0
793 0
991 0
789 0
886 0
841 0
962 0
946 0
859 0
142 0
156 0
276 0
282 0
299 0
975 0
988 0
371 0
397 0
385 0
679 0
681 0
