c Sudoku solution
p cnf 729 0
135 0
162 0
183 0
241 0
287 0
322 0
336 0
379 0
467 0
489 0
519 0
538 0
571 0
584 0
595 0
527 0
614 0
625 0
746 0
768 0
797 0
677 0
824 0
234 0
842 0
543 0
566 0
552 0
918 0
213 0
965 0
364 0
353 0
863 0
661 0
269 0
129 0
228 0
973 0
723 0
926 0
416 0
421 0
712 0
815 0
982 0
686 0
194 0
111 0
317 0
774 0
785 0
275 0
292 0
176 0
256 0
345 0
455 0
444 0
954 0
472 0
433 0
632 0
498 0
693 0
878 0
896 0
881 0
999 0
751 0
739 0
931 0
837 0
859 0
947 0
148 0
157 0
649 0
658 0
388 0
391 0
