c Sudoku solution
p cnf 729 0
119 0
163 0
176 0
181 0
323 0
336 0
365 0
418 0
433 0
455 0
471 0
526 0
564 0
587 0
614 0
652 0
757 0
851 0
862 0
879 0
895 0
924 0
931 0
791 0
978 0
997 0
986 0
912 0
945 0
953 0
969 0
256 0
377 0
311 0
515 0
621 0
541 0
643 0
675 0
217 0
147 0
261 0
285 0
484 0
883 0
782 0
774 0
713 0
816 0
844 0
388 0
158 0
354 0
748 0
766 0
446 0
467 0
668 0
559 0
696 0
637 0
598 0
573 0
492 0
689 0
429 0
532 0
827 0
838 0
228 0
122 0
234 0
135 0
194 0
725 0
739 0
272 0
399 0
293 0
249 0
342 0
