c Sudoku solution
p cnf 729 0
139 0
213 0
231 0
278 0
315 0
328 0
337 0
392 0
441 0
474 0
524 0
114 0
547 0
563 0
576 0
655 0
662 0
644 0
697 0
717 0
427 0
751 0
786 0
825 0
953 0
972 0
985 0
967 0
175 0
877 0
991 0
811 0
934 0
621 0
723 0
779 0
929 0
371 0
161 0
673 0
433 0
535 0
495 0
581 0
482 0
512 0
946 0
836 0
732 0
918 0
638 0
616 0
419 0
559 0
598 0
689 0
888 0
893 0
794 0
299 0
196 0
122 0
226 0
148 0
343 0
157 0
369 0
356 0
183 0
384 0
287 0
745 0
768 0
242 0
254 0
265 0
849 0
852 0
864 0
458 0
466 0
