c Sudoku solution
p cnf 729 0
144 0
168 0
171 0
192 0
228 0
259 0
314 0
325 0
353 0
362 0
467 0
537 0
561 0
572 0
588 0
623 0
669 0
674 0
717 0
127 0
776 0
815 0
829 0
878 0
398 0
887 0
957 0
697 0
979 0
749 0
377 0
247 0
341 0
994 0
284 0
635 0
516 0
524 0
454 0
555 0
543 0
599 0
926 0
945 0
963 0
764 0
866 0
842 0
851 0
758 0
834 0
893 0
733 0
652 0
156 0
265 0
185 0
273 0
296 0
389 0
113 0
139 0
336 0
419 0
475 0
483 0
795 0
686 0
491 0
422 0
438 0
611 0
446 0
648 0
212 0
231 0
918 0
721 0
932 0
782 0
981 0
