c Sudoku solution
p cnf 729 0
242 0
267 0
291 0
326 0
337 0
363 0
372 0
394 0
498 0
534 0
547 0
555 0
589 0
628 0
568 0
635 0
651 0
674 0
731 0
764 0
779 0
199 0
818 0
823 0
884 0
958 0
788 0
359 0
385 0
311 0
348 0
475 0
965 0
895 0
145 0
161 0
444 0
973 0
981 0
841 0
571 0
421 0
522 0
124 0
156 0
254 0
914 0
513 0
596 0
112 0
286 0
183 0
278 0
177 0
138 0
233 0
876 0
857 0
453 0
743 0
752 0
869 0
946 0
797 0
992 0
716 0
725 0
927 0
832 0
939 0
215 0
229 0
436 0
649 0
666 0
462 0
487 0
419 0
617 0
682 0
693 0
