c Sudoku solution
p cnf 729 0
169 0
278 0
284 0
314 0
338 0
362 0
371 0
395 0
434 0
451 0
488 0
528 0
536 0
577 0
646 0
723 0
757 0
766 0
781 0
817 0
826 0
924 0
845 0
853 0
356 0
255 0
889 0
299 0
216 0
329 0
948 0
961 0
864 0
831 0
872 0
898 0
794 0
775 0
718 0
158 0
144 0
241 0
668 0
674 0
479 0
496 0
554 0
952 0
749 0
732 0
222 0
659 0
519 0
591 0
915 0
939 0
176 0
973 0
997 0
986 0
193 0
182 0
387 0
111 0
233 0
267 0
343 0
621 0
637 0
425 0
565 0
685 0
127 0
135 0
542 0
447 0
463 0
412 0
613 0
583 0
692 0
