c Sudoku solution
p cnf 729 0
247 0
282 0
293 0
311 0
323 0
369 0
374 0
454 0
463 0
524 0
548 0
571 0
589 0
592 0
615 0
628 0
649 0
738 0
762 0
814 0
841 0
872 0
896 0
921 0
431 0
957 0
983 0
673 0
998 0
156 0
143 0
555 0
497 0
694 0
686 0
276 0
336 0
784 0
791 0
944 0
181 0
395 0
199 0
342 0
358 0
251 0
218 0
178 0
387 0
446 0
652 0
661 0
567 0
516 0
533 0
637 0
713 0
759 0
853 0
868 0
979 0
912 0
935 0
726 0
745 0
966 0
777 0
885 0
117 0
419 0
422 0
125 0
132 0
234 0
229 0
164 0
265 0
827 0
839 0
475 0
488 0
