c Sudoku solution
p cnf 729 0
235 0
256 0
263 0
299 0
338 0
344 0
476 0
532 0
561 0
597 0
615 0
646 0
674 0
688 0
693 0
729 0
753 0
847 0
889 0
579 0
585 0
916 0
526 0
136 0
923 0
825 0
873 0
428 0
433 0
514 0
543 0
558 0
639 0
621 0
417 0
955 0
969 0
982 0
481 0
492 0
994 0
211 0
718 0
812 0
445 0
464 0
459 0
149 0
113 0
319 0
383 0
396 0
854 0
734 0
831 0
937 0
786 0
898 0
777 0
795 0
971 0
741 0
948 0
762 0
866 0
242 0
168 0
365 0
278 0
652 0
667 0
372 0
191 0
175 0
157 0
351 0
122 0
327 0
224 0
184 0
287 0
