c Sudoku solution
p cnf 729 0
164 0
235 0
267 0
276 0
311 0
338 0
345 0
372 0
387 0
466 0
513 0
588 0
592 0
615 0
639 0
654 0
668 0
671 0
725 0
781 0
818 0
428 0
831 0
521 0
536 0
574 0
961 0
859 0
877 0
882 0
762 0
916 0
686 0
957 0
865 0
555 0
569 0
547 0
363 0
356 0
126 0
627 0
497 0
693 0
642 0
399 0
324 0
823 0
133 0
117 0
152 0
185 0
283 0
294 0
191 0
178 0
149 0
737 0
984 0
896 0
746 0
844 0
714 0
932 0
929 0
412 0
434 0
219 0
222 0
489 0
475 0
973 0
779 0
995 0
798 0
753 0
948 0
443 0
451 0
241 0
258 0
