c Sudoku solution
p cnf 729 0
227 0
255 0
261 0
289 0
298 0
339 0
367 0
372 0
396 0
433 0
471 0
525 0
534 0
582 0
629 0
642 0
675 0
694 0
743 0
777 0
792 0
836 0
232 0
858 0
914 0
931 0
728 0
817 0
735 0
719 0
412 0
637 0
426 0
138 0
348 0
995 0
173 0
274 0
353 0
213 0
116 0
315 0
185 0
381 0
197 0
121 0
324 0
246 0
879 0
751 0
541 0
656 0
518 0
611 0
576 0
978 0
891 0
487 0
499 0
688 0
593 0
557 0
468 0
445 0
454 0
663 0
569 0
844 0
766 0
865 0
784 0
883 0
986 0
822 0
923 0
149 0
947 0
152 0
164 0
959 0
962 0
