c Sudoku solution
p cnf 729 0
121 0
138 0
145 0
192 0
242 0
253 0
294 0
323 0
361 0
385 0
399 0
469 0
159 0
481 0
271 0
524 0
535 0
589 0
596 0
629 0
633 0
651 0
511 0
672 0
728 0
734 0
795 0
741 0
475 0
684 0
665 0
836 0
931 0
891 0
239 0
864 0
974 0
114 0
987 0
332 0
437 0
697 0
646 0
618 0
993 0
183 0
573 0
498 0
443 0
454 0
763 0
813 0
344 0
855 0
288 0
358 0
878 0
882 0
786 0
779 0
919 0
925 0
827 0
712 0
757 0
849 0
948 0
416 0
422 0
215 0
317 0
226 0
267 0
166 0
177 0
376 0
547 0
552 0
568 0
956 0
962 0
