c Sudoku solution
p cnf 729 0
181 0
235 0
249 0
262 0
284 0
329 0
356 0
368 0
387 0
434 0
448 0
493 0
518 0
574 0
585 0
633 0
654 0
686 0
726 0
797 0
813 0
846 0
859 0
932 0
331 0
251 0
967 0
971 0
996 0
894 0
298 0
678 0
477 0
223 0
276 0
217 0
536 0
466 0
116 0
138 0
837 0
739 0
989 0
179 0
373 0
783 0
888 0
758 0
742 0
775 0
872 0
928 0
124 0
312 0
192 0
395 0
344 0
764 0
861 0
711 0
825 0
914 0
421 0
482 0
455 0
552 0
669 0
563 0
419 0
615 0
527 0
622 0
541 0
647 0
599 0
691 0
157 0
953 0
945 0
143 0
165 0
