c Sudoku solution
p cnf 729 0
178 0
221 0
238 0
242 0
276 0
317 0
334 0
363 0
431 0
455 0
468 0
496 0
547 0
591 0
627 0
652 0
688 0
735 0
773 0
786 0
813 0
836 0
937 0
845 0
864 0
882 0
953 0
974 0
189 0
639 0
675 0
851 0
711 0
724 0
762 0
757 0
981 0
995 0
358 0
371 0
385 0
392 0
156 0
349 0
254 0
141 0
194 0
326 0
219 0
167 0
265 0
661 0
479 0
572 0
487 0
533 0
422 0
414 0
616 0
443 0
584 0
693 0
644 0
912 0
115 0
132 0
123 0
518 0
525 0
946 0
969 0
748 0
799 0
898 0
877 0
829 0
928 0
559 0
566 0
283 0
297 0
