c Sudoku solution
p cnf 729 0
179 0
191 0
234 0
287 0
311 0
375 0
382 0
459 0
493 0
527 0
533 0
572 0
629 0
647 0
477 0
655 0
663 0
738 0
741 0
786 0
831 0
421 0
849 0
945 0
967 0
983 0
971 0
774 0
878 0
885 0
762 0
753 0
725 0
958 0
442 0
681 0
273 0
676 0
632 0
595 0
589 0
992 0
897 0
799 0
717 0
248 0
296 0
222 0
152 0
357 0
137 0
251 0
812 0
823 0
113 0
215 0
339 0
343 0
165 0
269 0
435 0
919 0
924 0
936 0
561 0
468 0
416 0
484 0
698 0
518 0
614 0
188 0
394 0
144 0
366 0
126 0
328 0
546 0
554 0
856 0
864 0
