c Sudoku solution
p cnf 729 0
124 0
138 0
195 0
221 0
265 0
289 0
319 0
332 0
325 0
371 0
386 0
462 0
499 0
544 0
573 0
582 0
669 0
674 0
696 0
757 0
834 0
414 0
926 0
931 0
955 0
978 0
949 0
159 0
997 0
912 0
622 0
161 0
645 0
984 0
764 0
963 0
254 0
394 0
298 0
183 0
852 0
792 0
893 0
591 0
611 0
451 0
556 0
436 0
866 0
776 0
879 0
475 0
272 0
177 0
142 0
246 0
116 0
633 0
443 0
658 0
567 0
427 0
488 0
687 0
723 0
739 0
213 0
237 0
817 0
715 0
828 0
781 0
885 0
748 0
841 0
518 0
535 0
529 0
353 0
347 0
368 0
