c Sudoku solution
p cnf 729 0
139 0
143 0
152 0
186 0
284 0
316 0
354 0
372 0
381 0
433 0
448 0
494 0
599 0
279 0
628 0
631 0
656 0
665 0
729 0
763 0
553 0
775 0
841 0
917 0
962 0
989 0
673 0
883 0
923 0
711 0
213 0
393 0
991 0
325 0
195 0
298 0
177 0
118 0
124 0
221 0
232 0
337 0
161 0
266 0
368 0
349 0
619 0
644 0
542 0
734 0
514 0
864 0
859 0
974 0
897 0
451 0
567 0
469 0
476 0
571 0
588 0
485 0
412 0
535 0
427 0
526 0
815 0
822 0
878 0
796 0
782 0
747 0
946 0
955 0
758 0
836 0
938 0
245 0
257 0
687 0
692 0
