c Sudoku solution
p cnf 729 0
127 0
223 0
241 0
265 0
342 0
366 0
385 0
397 0
257 0
436 0
464 0
481 0
555 0
578 0
614 0
647 0
652 0
546 0
683 0
828 0
831 0
849 0
867 0
917 0
477 0
537 0
787 0
944 0
745 0
971 0
751 0
191 0
995 0
815 0
135 0
675 0
696 0
425 0
143 0
373 0
448 0
638 0
629 0
661 0
712 0
926 0
724 0
962 0
776 0
856 0
893 0
232 0
413 0
492 0
459 0
563 0
511 0
522 0
321 0
334 0
154 0
953 0
768 0
733 0
939 0
799 0
988 0
358 0
169 0
319 0
172 0
874 0
882 0
279 0
186 0
118 0
216 0
284 0
298 0
589 0
594 0
