c Sudoku solution
p cnf 729 0
157 0
261 0
298 0
352 0
366 0
379 0
387 0
427 0
434 0
523 0
536 0
565 0
584 0
638 0
651 0
673 0
797 0
577 0
815 0
625 0
826 0
874 0
933 0
949 0
962 0
917 0
237 0
985 0
194 0
741 0
755 0
956 0
764 0
783 0
924 0
831 0
776 0
991 0
978 0
335 0
254 0
169 0
132 0
229 0
314 0
722 0
739 0
718 0
644 0
667 0
446 0
542 0
558 0
847 0
853 0
868 0
459 0
463 0
488 0
181 0
175 0
393 0
272 0
286 0
128 0
321 0
245 0
116 0
213 0
143 0
348 0
471 0
599 0
495 0
412 0
511 0
619 0
682 0
696 0
889 0
892 0
