c Sudoku solution
p cnf 729 0
126 0
185 0
219 0
232 0
286 0
291 0
313 0
366 0
374 0
392 0
414 0
456 0
523 0
555 0
562 0
589 0
615 0
644 0
594 0
663 0
728 0
739 0
784 0
867 0
872 0
948 0
952 0
712 0
142 0
981 0
888 0
483 0
682 0
422 0
629 0
387 0
933 0
746 0
751 0
765 0
631 0
773 0
797 0
278 0
193 0
179 0
264 0
157 0
253 0
245 0
134 0
227 0
917 0
843 0
854 0
969 0
924 0
899 0
658 0
359 0
168 0
341 0
111 0
325 0
338 0
816 0
821 0
835 0
518 0
536 0
437 0
547 0
571 0
449 0
461 0
677 0
696 0
976 0
995 0
475 0
498 0
