c Sudoku solution
p cnf 729 0
129 0
188 0
213 0
245 0
291 0
312 0
328 0
344 0
415 0
421 0
456 0
534 0
599 0
619 0
632 0
643 0
677 0
626 0
711 0
748 0
757 0
772 0
849 0
469 0
864 0
654 0
878 0
885 0
851 0
822 0
681 0
971 0
963 0
236 0
192 0
153 0
359 0
279 0
262 0
258 0
816 0
284 0
114 0
227 0
523 0
474 0
373 0
131 0
335 0
361 0
175 0
541 0
576 0
695 0
582 0
483 0
498 0
442 0
555 0
668 0
567 0
437 0
518 0
917 0
833 0
739 0
938 0
989 0
897 0
946 0
952 0
765 0
724 0
925 0
994 0
147 0
166 0
786 0
793 0
387 0
396 0
