c Sudoku solution
p cnf 729 0
129 0
198 0
233 0
244 0
275 0
282 0
328 0
331 0
355 0
421 0
465 0
522 0
549 0
584 0
597 0
657 0
692 0
685 0
756 0
777 0
795 0
845 0
925 0
858 0
268 0
873 0
972 0
917 0
867 0
216 0
227 0
437 0
969 0
259 0
291 0
176 0
374 0
312 0
832 0
363 0
346 0
147 0
183 0
399 0
387 0
493 0
486 0
811 0
889 0
134 0
115 0
535 0
566 0
518 0
553 0
571 0
943 0
151 0
162 0
954 0
724 0
713 0
826 0
938 0
739 0
788 0
981 0
894 0
996 0
623 0
636 0
452 0
448 0
664 0
641 0
414 0
619 0
479 0
678 0
742 0
761 0
