c Sudoku solution
p cnf 729 0
164 0
223 0
239 0
248 0
256 0
359 0
361 0
436 0
458 0
534 0
562 0
575 0
612 0
625 0
689 0
696 0
546 0
718 0
749 0
469 0
445 0
751 0
641 0
654 0
773 0
822 0
877 0
678 0
528 0
519 0
899 0
929 0
179 0
943 0
952 0
844 0
855 0
153 0
265 0
557 0
663 0
637 0
413 0
421 0
833 0
735 0
931 0
816 0
881 0
868 0
271 0
111 0
315 0
583 0
591 0
393 0
998 0
985 0
195 0
188 0
126 0
147 0
342 0
132 0
338 0
472 0
487 0
494 0
297 0
282 0
214 0
327 0
917 0
724 0
792 0
786 0
974 0
767 0
966 0
376 0
384 0
