c Sudoku solution
p cnf 729 0
112 0
236 0
275 0
283 0
324 0
348 0
356 0
372 0
397 0
427 0
546 0
593 0
615 0
632 0
657 0
734 0
741 0
842 0
859 0
866 0
884 0
916 0
626 0
922 0
958 0
977 0
767 0
587 0
991 0
565 0
552 0
262 0
335 0
873 0
643 0
514 0
985 0
898 0
825 0
755 0
963 0
944 0
939 0
449 0
468 0
529 0
538 0
571 0
661 0
454 0
476 0
145 0
247 0
137 0
817 0
831 0
433 0
411 0
153 0
313 0
219 0
718 0
723 0
251 0
369 0
164 0
294 0
228 0
121 0
381 0
674 0
178 0
779 0
482 0
495 0
786 0
792 0
189 0
196 0
688 0
699 0
