c Sudoku solution
p cnf 729 0
149 0
217 0
231 0
242 0
263 0
298 0
368 0
377 0
439 0
452 0
481 0
521 0
574 0
587 0
614 0
622 0
592 0
658 0
478 0
693 0
776 0
826 0
833 0
861 0
641 0
915 0
711 0
924 0
932 0
762 0
953 0
783 0
173 0
971 0
872 0
128 0
116 0
312 0
323 0
229 0
182 0
275 0
413 0
543 0
518 0
819 0
738 0
727 0
425 0
536 0
637 0
496 0
666 0
946 0
848 0
988 0
447 0
464 0
679 0
685 0
884 0
286 0
254 0
345 0
167 0
356 0
151 0
194 0
391 0
389 0
135 0
334 0
744 0
857 0
755 0
969 0
799 0
895 0
997 0
559 0
565 0
