c Sudoku solution
p cnf 729 0
151 0
169 0
182 0
245 0
329 0
334 0
342 0
396 0
419 0
454 0
478 0
497 0
522 0
462 0
666 0
673 0
692 0
776 0
837 0
859 0
864 0
144 0
256 0
872 0
915 0
946 0
958 0
752 0
765 0
932 0
739 0
212 0
963 0
841 0
747 0
443 0
561 0
353 0
999 0
118 0
177 0
987 0
557 0
655 0
791 0
974 0
921 0
579 0
548 0
649 0
638 0
375 0
193 0
271 0
388 0
294 0
289 0
233 0
311 0
227 0
268 0
367 0
431 0
681 0
617 0
624 0
714 0
513 0
816 0
584 0
595 0
486 0
425 0
536 0
126 0
135 0
885 0
783 0
898 0
728 0
823 0
