c Sudoku solution
p cnf 729 0
192 0
216 0
227 0
249 0
258 0
361 0
375 0
387 0
468 0
534 0
543 0
636 0
642 0
683 0
699 0
819 0
856 0
864 0
871 0
913 0
893 0
941 0
967 0
837 0
665 0
235 0
262 0
273 0
974 0
654 0
353 0
166 0
344 0
396 0
446 0
569 0
147 0
155 0
763 0
982 0
822 0
938 0
731 0
752 0
959 0
926 0
995 0
888 0
797 0
748 0
845 0
178 0
189 0
133 0
423 0
439 0
329 0
318 0
332 0
677 0
472 0
576 0
512 0
557 0
451 0
417 0
525 0
611 0
628 0
114 0
121 0
715 0
724 0
779 0
786 0
485 0
494 0
284 0
291 0
581 0
598 0
