c Sudoku solution
p cnf 729 0
115 0
166 0
194 0
236 0
242 0
288 0
314 0
338 0
355 0
428 0
443 0
512 0
599 0
634 0
681 0
762 0
774 0
816 0
825 0
924 0
839 0
932 0
858 0
148 0
877 0
956 0
967 0
975 0
745 0
295 0
665 0
568 0
678 0
998 0
718 0
983 0
882 0
891 0
796 0
789 0
949 0
844 0
863 0
751 0
911 0
187 0
386 0
476 0
573 0
393 0
557 0
646 0
541 0
431 0
535 0
485 0
584 0
526 0
133 0
159 0
253 0
264 0
347 0
361 0
613 0
629 0
417 0
492 0
697 0
652 0
219 0
227 0
121 0
322 0
172 0
271 0
379 0
723 0
737 0
454 0
469 0
