c Sudoku solution
p cnf 729 0
122 0
181 0
223 0
277 0
292 0
311 0
349 0
367 0
352 0
464 0
472 0
524 0
543 0
585 0
613 0
628 0
647 0
669 0
562 0
632 0
655 0
686 0
726 0
325 0
761 0
782 0
818 0
912 0
842 0
891 0
694 0
671 0
935 0
921 0
415 0
966 0
876 0
865 0
163 0
245 0
251 0
441 0
531 0
146 0
154 0
268 0
396 0
998 0
944 0
748 0
493 0
829 0
427 0
597 0
579 0
488 0
456 0
558 0
439 0
516 0
236 0
973 0
383 0
119 0
137 0
338 0
214 0
178 0
195 0
374 0
289 0
717 0
775 0
884 0
799 0
987 0
734 0
833 0
753 0
857 0
959 0
