c Sudoku solution
p cnf 729 0
114 0
159 0
267 0
299 0
312 0
323 0
339 0
348 0
421 0
488 0
493 0
518 0
525 0
556 0
572 0
645 0
475 0
684 0
827 0
137 0
835 0
215 0
231 0
849 0
882 0
192 0
922 0
724 0
629 0
469 0
589 0
944 0
957 0
963 0
791 0
911 0
719 0
979 0
597 0
447 0
416 0
617 0
813 0
696 0
671 0
286 0
228 0
126 0
178 0
366 0
746 0
738 0
936 0
876 0
894 0
985 0
998 0
242 0
564 0
541 0
653 0
452 0
668 0
434 0
632 0
533 0
143 0
254 0
273 0
755 0
762 0
351 0
165 0
181 0
858 0
861 0
777 0
783 0
374 0
395 0
387 0
