c Sudoku solution
p cnf 729 0
152 0
232 0
265 0
289 0
293 0
311 0
325 0
334 0
353 0
368 0
349 0
428 0
514 0
539 0
576 0
592 0
635 0
715 0
771 0
783 0
824 0
863 0
886 0
396 0
917 0
964 0
794 0
972 0
377 0
382 0
897 0
995 0
988 0
879 0
119 0
567 0
521 0
585 0
543 0
558 0
175 0
227 0
147 0
184 0
191 0
278 0
166 0
123 0
138 0
216 0
818 0
722 0
736 0
831 0
933 0
929 0
842 0
855 0
748 0
757 0
769 0
626 0
437 0
687 0
644 0
445 0
659 0
456 0
499 0
241 0
254 0
946 0
951 0
474 0
673 0
481 0
698 0
462 0
661 0
413 0
612 0
