c Sudoku solution
p cnf 729 0
144 0
167 0
191 0
217 0
249 0
255 0
288 0
312 0
375 0
461 0
478 0
515 0
564 0
589 0
622 0
656 0
695 0
445 0
819 0
828 0
866 0
346 0
351 0
883 0
835 0
125 0
911 0
947 0
954 0
852 0
841 0
542 0
262 0
433 0
926 0
932 0
963 0
748 0
765 0
759 0
985 0
998 0
979 0
643 0
153 0
368 0
713 0
558 0
457 0
669 0
429 0
399 0
387 0
139 0
118 0
236 0
221 0
323 0
334 0
416 0
614 0
638 0
527 0
531 0
724 0
737 0
484 0
492 0
681 0
677 0
771 0
172 0
186 0
576 0
593 0
273 0
294 0
874 0
897 0
782 0
796 0
