c Sudoku solution
p cnf 729 0
135 0
161 0
188 0
224 0
299 0
337 0
346 0
355 0
369 0
381 0
487 0
534 0
542 0
621 0
678 0
696 0
753 0
765 0
889 0
919 0
749 0
129 0
927 0
971 0
998 0
985 0
933 0
944 0
154 0
275 0
583 0
579 0
645 0
814 0
825 0
956 0
962 0
252 0
286 0
116 0
782 0
832 0
876 0
893 0
322 0
318 0
213 0
231 0
143 0
711 0
423 0
663 0
464 0
566 0
472 0
684 0
415 0
491 0
595 0
448 0
459 0
551 0
657 0
436 0
528 0
517 0
612 0
639 0
726 0
738 0
841 0
247 0
268 0
858 0
867 0
177 0
192 0
373 0
394 0
774 0
797 0
