c Sudoku solution
p cnf 729 0
125 0
234 0
258 0
276 0
283 0
299 0
331 0
363 0
374 0
395 0
412 0
217 0
222 0
516 0
544 0
555 0
578 0
614 0
621 0
648 0
696 0
789 0
794 0
484 0
842 0
867 0
928 0
824 0
768 0
438 0
635 0
475 0
679 0
653 0
687 0
662 0
969 0
954 0
164 0
265 0
241 0
466 0
561 0
491 0
582 0
593 0
423 0
388 0
181 0
118 0
133 0
326 0
319 0
352 0
347 0
839 0
727 0
529 0
537 0
449 0
457 0
146 0
159 0
898 0
992 0
977 0
732 0
936 0
756 0
851 0
873 0
771 0
911 0
815 0
713 0
745 0
943 0
886 0
985 0
172 0
197 0
