c Sudoku solution
p cnf 729 0
138 0
149 0
213 0
226 0
235 0
268 0
291 0
351 0
418 0
447 0
454 0
461 0
486 0
555 0
571 0
597 0
623 0
724 0
789 0
279 0
819 0
882 0
981 0
893 0
473 0
932 0
733 0
439 0
522 0
425 0
492 0
699 0
569 0
543 0
588 0
329 0
959 0
963 0
153 0
383 0
995 0
715 0
741 0
194 0
287 0
185 0
244 0
252 0
642 0
666 0
658 0
864 0
845 0
974 0
346 0
365 0
167 0
176 0
372 0
398 0
112 0
121 0
611 0
637 0
831 0
916 0
948 0
927 0
828 0
514 0
536 0
317 0
334 0
762 0
675 0
684 0
877 0
796 0
778 0
757 0
856 0
