c Sudoku solution
p cnf 729 0
164 0
175 0
193 0
232 0
243 0
287 0
323 0
341 0
355 0
421 0
447 0
496 0
579 0
656 0
662 0
678 0
719 0
735 0
742 0
152 0
367 0
826 0
854 0
877 0
881 0
271 0
691 0
597 0
913 0
931 0
838 0
812 0
863 0
111 0
522 0
617 0
137 0
945 0
849 0
895 0
146 0
216 0
225 0
294 0
536 0
685 0
633 0
128 0
314 0
339 0
189 0
629 0
434 0
584 0
553 0
561 0
465 0
418 0
515 0
459 0
548 0
644 0
751 0
957 0
727 0
924 0
258 0
269 0
774 0
783 0
798 0
766 0
968 0
473 0
482 0
388 0
376 0
392 0
972 0
999 0
986 0
