c Sudoku solution
p cnf 729 0
135 0
223 0
234 0
281 0
318 0
321 0
336 0
353 0
365 0
427 0
458 0
549 0
563 0
572 0
584 0
612 0
122 0
685 0
788 0
791 0
861 0
893 0
913 0
931 0
743 0
538 0
966 0
975 0
295 0
989 0
992 0
382 0
957 0
597 0
944 0
848 0
928 0
347 0
445 0
462 0
414 0
511 0
525 0
626 0
471 0
556 0
242 0
146 0
151 0
164 0
259 0
268 0
276 0
187 0
173 0
198 0
119 0
217 0
641 0
654 0
667 0
769 0
724 0
829 0
874 0
483 0
496 0
439 0
633 0
379 0
394 0
777 0
886 0
716 0
815 0
755 0
852 0
732 0
837 0
678 0
699 0
