c Sudoku solution
p cnf 729 0
115 0
186 0
214 0
238 0
245 0
267 0
322 0
336 0
256 0
433 0
455 0
498 0
516 0
575 0
582 0
611 0
679 0
697 0
476 0
712 0
632 0
625 0
528 0
754 0
796 0
817 0
918 0
313 0
419 0
869 0
935 0
765 0
947 0
427 0
534 0
137 0
831 0
739 0
723 0
557 0
549 0
953 0
658 0
852 0
151 0
359 0
129 0
221 0
162 0
143 0
194 0
178 0
442 0
741 0
966 0
848 0
826 0
924 0
646 0
344 0
368 0
874 0
273 0
292 0
289 0
972 0
371 0
395 0
387 0
777 0
788 0
885 0
893 0
683 0
591 0
484 0
461 0
563 0
664 0
981 0
999 0
