c Sudoku solution
p cnf 729 0
135 0
182 0
216 0
239 0
252 0
288 0
312 0
371 0
453 0
468 0
584 0
611 0
628 0
662 0
673 0
687 0
717 0
754 0
786 0
799 0
829 0
832 0
847 0
963 0
974 0
997 0
772 0
942 0
959 0
814 0
649 0
444 0
634 0
695 0
656 0
866 0
113 0
338 0
918 0
748 0
158 0
519 0
415 0
369 0
179 0
277 0
385 0
357 0
127 0
221 0
324 0
437 0
567 0
875 0
981 0
883 0
898 0
851 0
765 0
731 0
936 0
723 0
925 0
533 0
555 0
541 0
146 0
161 0
264 0
245 0
343 0
194 0
293 0
396 0
578 0
592 0
422 0
526 0
476 0
491 0
489 0
