c Sudoku solution
p cnf 729 0
152 0
179 0
197 0
244 0
288 0
336 0
363 0
385 0
529 0
556 0
584 0
642 0
669 0
675 0
681 0
698 0
751 0
764 0
787 0
828 0
831 0
857 0
862 0
894 0
374 0
926 0
616 0
953 0
654 0
989 0
482 0
593 0
577 0
476 0
499 0
443 0
467 0
347 0
873 0
886 0
746 0
849 0
778 0
815 0
795 0
183 0
296 0
166 0
321 0
141 0
265 0
259 0
358 0
271 0
392 0
319 0
739 0
411 0
561 0
455 0
548 0
424 0
438 0
535 0
512 0
713 0
722 0
217 0
914 0
937 0
118 0
223 0
232 0
627 0
633 0
125 0
134 0
945 0
968 0
972 0
991 0
