c Sudoku solution
p cnf 729 0
128 0
136 0
169 0
211 0
235 0
258 0
272 0
334 0
341 0
353 0
377 0
526 0
564 0
583 0
598 0
388 0
643 0
659 0
662 0
695 0
365 0
396 0
755 0
792 0
482 0
886 0
676 0
921 0
949 0
952 0
142 0
456 0
978 0
994 0
624 0
474 0
933 0
727 0
117 0
223 0
154 0
284 0
299 0
413 0
618 0
425 0
545 0
789 0
738 0
579 0
439 0
512 0
319 0
322 0
829 0
832 0
851 0
771 0
763 0
557 0
461 0
448 0
497 0
681 0
531 0
637 0
868 0
185 0
191 0
173 0
875 0
893 0
987 0
814 0
716 0
915 0
744 0
847 0
966 0
246 0
267 0
