c Sudoku solution
p cnf 729 0
123 0
148 0
167 0
226 0
238 0
251 0
299 0
315 0
321 0
362 0
378 0
485 0
512 0
132 0
586 0
629 0
635 0
663 0
731 0
757 0
769 0
792 0
866 0
893 0
922 0
961 0
974 0
788 0
468 0
611 0
528 0
698 0
264 0
217 0
565 0
416 0
776 0
936 0
881 0
184 0
119 0
334 0
839 0
827 0
725 0
875 0
997 0
989 0
424 0
171 0
195 0
396 0
387 0
156 0
245 0
943 0
744 0
842 0
858 0
955 0
713 0
918 0
814 0
349 0
353 0
646 0
283 0
272 0
452 0
654 0
559 0
479 0
573 0
433 0
537 0
594 0
491 0
447 0
541 0
677 0
682 0
