c Sudoku solution
p cnf 729 0
115 0
121 0
153 0
174 0
219 0
237 0
378 0
389 0
434 0
536 0
542 0
559 0
563 0
657 0
664 0
681 0
511 0
698 0
528 0
138 0
712 0
613 0
417 0
771 0
855 0
894 0
584 0
923 0
333 0
632 0
935 0
831 0
739 0
968 0
788 0
795 0
743 0
818 0
597 0
575 0
285 0
187 0
196 0
162 0
149 0
869 0
952 0
941 0
754 0
914 0
986 0
999 0
977 0
316 0
266 0
351 0
258 0
244 0
291 0
392 0
273 0
222 0
324 0
448 0
456 0
461 0
645 0
425 0
629 0
676 0
347 0
365 0
846 0
767 0
726 0
827 0
872 0
883 0
479 0
482 0
493 0
