c Sudoku solution
p cnf 729 0
221 0
284 0
297 0
355 0
366 0
373 0
392 0
522 0
551 0
583 0
617 0
646 0
654 0
662 0
691 0
781 0
171 0
341 0
827 0
337 0
833 0
623 0
852 0
865 0
961 0
811 0
431 0
888 0
389 0
685 0
186 0
915 0
953 0
756 0
793 0
775 0
278 0
195 0
235 0
216 0
113 0
132 0
129 0
242 0
263 0
259 0
712 0
425 0
536 0
545 0
926 0
443 0
679 0
638 0
318 0
324 0
728 0
948 0
994 0
876 0
899 0
844 0
734 0
939 0
147 0
164 0
158 0
749 0
767 0
457 0
482 0
577 0
972 0
987 0
474 0
598 0
496 0
419 0
514 0
468 0
569 0
