c Sudoku solution
p cnf 729 0
162 0
179 0
234 0
285 0
291 0
361 0
392 0
427 0
433 0
449 0
464 0
518 0
557 0
631 0
663 0
678 0
458 0
541 0
697 0
725 0
789 0
599 0
814 0
822 0
212 0
532 0
853 0
936 0
955 0
751 0
652 0
565 0
646 0
615 0
416 0
524 0
629 0
495 0
684 0
875 0
881 0
471 0
482 0
968 0
847 0
766 0
869 0
896 0
838 0
737 0
713 0
921 0
919 0
798 0
111 0
317 0
339 0
135 0
345 0
187 0
267 0
259 0
977 0
772 0
994 0
983 0
744 0
942 0
374 0
154 0
356 0
388 0
323 0
586 0
573 0
276 0
193 0
148 0
243 0
126 0
228 0
