c Sudoku solution
p cnf 729 0
121 0
142 0
168 0
255 0
276 0
297 0
346 0
357 0
361 0
281 0
382 0
413 0
445 0
491 0
531 0
584 0
626 0
662 0
685 0
767 0
822 0
837 0
117 0
136 0
889 0
183 0
916 0
935 0
865 0
941 0
651 0
959 0
752 0
856 0
553 0
458 0
154 0
992 0
788 0
796 0
775 0
871 0
987 0
711 0
848 0
893 0
974 0
814 0
928 0
744 0
963 0
243 0
269 0
224 0
464 0
566 0
634 0
486 0
673 0
647 0
549 0
598 0
699 0
618 0
212 0
238 0
515 0
432 0
527 0
429 0
477 0
572 0
319 0
325 0
333 0
723 0
739 0
378 0
394 0
179 0
195 0
