c Sudoku solution
p cnf 729 0
199 0
215 0
256 0
283 0
327 0
362 0
375 0
547 0
564 0
586 0
623 0
632 0
649 0
658 0
661 0
616 0
798 0
835 0
852 0
442 0
466 0
917 0
437 0
926 0
943 0
163 0
959 0
269 0
157 0
145 0
992 0
182 0
222 0
712 0
572 0
894 0
971 0
985 0
934 0
968 0
867 0
765 0
889 0
787 0
479 0
488 0
381 0
354 0
241 0
348 0
238 0
178 0
396 0
136 0
846 0
751 0
744 0
729 0
733 0
776 0
873 0
313 0
339 0
519 0
528 0
425 0
414 0
531 0
491 0
593 0
453 0
555 0
111 0
124 0
818 0
821 0
684 0
677 0
695 0
274 0
297 0
