c Sudoku solution
p cnf 729 0
139 0
167 0
186 0
269 0
278 0
322 0
374 0
433 0
519 0
526 0
541 0
564 0
628 0
642 0
695 0
754 0
779 0
792 0
831 0
849 0
929 0
884 0
494 0
399 0
896 0
912 0
934 0
532 0
555 0
637 0
614 0
862 0
943 0
987 0
297 0
317 0
577 0
858 0
747 0
827 0
998 0
457 0
659 0
663 0
489 0
472 0
676 0
681 0
282 0
152 0
971 0
761 0
956 0
965 0
351 0
253 0
383 0
191 0
175 0
873 0
785 0
723 0
815 0
113 0
124 0
338 0
148 0
244 0
345 0
366 0
411 0
425 0
216 0
221 0
235 0
718 0
736 0
446 0
468 0
588 0
593 0
