c Sudoku solution
p cnf 729 0
176 0
218 0
249 0
261 0
293 0
331 0
342 0
353 0
523 0
539 0
575 0
625 0
637 0
651 0
669 0
684 0
696 0
612 0
756 0
366 0
762 0
822 0
845 0
868 0
873 0
678 0
483 0
643 0
963 0
886 0
834 0
938 0
428 0
436 0
546 0
558 0
452 0
465 0
916 0
226 0
148 0
995 0
181 0
133 0
232 0
192 0
713 0
735 0
972 0
582 0
315 0
155 0
285 0
989 0
729 0
859 0
119 0
817 0
921 0
891 0
741 0
471 0
597 0
499 0
414 0
511 0
447 0
564 0
944 0
957 0
254 0
167 0
124 0
327 0
277 0
774 0
798 0
787 0
379 0
394 0
388 0
