c Sudoku solution
p cnf 729 0
126 0
174 0
189 0
255 0
287 0
313 0
349 0
361 0
388 0
462 0
485 0
543 0
551 0
614 0
673 0
686 0
732 0
758 0
796 0
818 0
841 0
865 0
645 0
872 0
582 0
622 0
911 0
781 0
957 0
942 0
744 0
659 0
978 0
594 0
454 0
264 0
293 0
212 0
936 0
856 0
153 0
352 0
246 0
192 0
271 0
395 0
376 0
131 0
115 0
421 0
433 0
691 0
498 0
535 0
447 0
566 0
668 0
416 0
479 0
577 0
519 0
528 0
637 0
717 0
897 0
327 0
334 0
229 0
238 0
839 0
148 0
167 0
775 0
999 0
723 0
824 0
925 0
769 0
963 0
883 0
984 0
