c Sudoku solution
p cnf 729 0
156 0
185 0
214 0
236 0
243 0
251 0
388 0
435 0
474 0
486 0
521 0
575 0
582 0
633 0
662 0
719 0
822 0
412 0
834 0
624 0
847 0
911 0
942 0
352 0
132 0
331 0
539 0
955 0
645 0
616 0
989 0
784 0
964 0
554 0
883 0
923 0
726 0
815 0
795 0
772 0
866 0
859 0
737 0
938 0
546 0
292 0
681 0
287 0
279 0
699 0
441 0
469 0
748 0
761 0
753 0
563 0
493 0
144 0
349 0
191 0
173 0
376 0
394 0
313 0
129 0
871 0
898 0
977 0
996 0
678 0
597 0
518 0
427 0
458 0
657 0
117 0
325 0
228 0
168 0
367 0
265 0
