c Sudoku solution
p cnf 729 0
165 0
229 0
254 0
272 0
281 0
298 0
334 0
352 0
389 0
497 0
519 0
556 0
561 0
594 0
636 0
712 0
758 0
773 0
827 0
846 0
878 0
575 0
395 0
899 0
911 0
851 0
791 0
945 0
959 0
739 0
149 0
341 0
368 0
266 0
323 0
243 0
157 0
377 0
316 0
118 0
453 0
655 0
533 0
617 0
547 0
813 0
835 0
938 0
785 0
987 0
726 0
924 0
963 0
862 0
884 0
992 0
976 0
414 0
215 0
237 0
425 0
744 0
767 0
664 0
469 0
679 0
471 0
486 0
432 0
621 0
528 0
448 0
642 0
582 0
693 0
688 0
122 0
131 0
174 0
183 0
196 0
