c Sudoku solution
p cnf 729 0
252 0
269 0
276 0
284 0
312 0
329 0
375 0
393 0
485 0
528 0
533 0
551 0
567 0
599 0
615 0
545 0
627 0
642 0
664 0
691 0
761 0
817 0
854 0
862 0
873 0
678 0
683 0
956 0
659 0
636 0
514 0
572 0
586 0
977 0
171 0
189 0
192 0
474 0
497 0
779 0
387 0
298 0
358 0
366 0
446 0
453 0
468 0
995 0
794 0
896 0
963 0
755 0
747 0
157 0
165 0
237 0
225 0
821 0
835 0
888 0
981 0
782 0
738 0
919 0
849 0
948 0
118 0
126 0
213 0
331 0
134 0
143 0
241 0
344 0
411 0
422 0
439 0
716 0
723 0
924 0
932 0
