c Sudoku solution
p cnf 729 0
185 0
282 0
291 0
323 0
339 0
414 0
455 0
461 0
497 0
521 0
537 0
564 0
579 0
199 0
643 0
656 0
667 0
449 0
675 0
681 0
694 0
515 0
433 0
426 0
472 0
488 0
751 0
765 0
345 0
141 0
311 0
819 0
789 0
629 0
871 0
931 0
886 0
583 0
596 0
398 0
916 0
713 0
792 0
746 0
924 0
738 0
727 0
774 0
987 0
978 0
995 0
893 0
942 0
868 0
632 0
618 0
112 0
128 0
217 0
225 0
822 0
835 0
548 0
552 0
847 0
854 0
244 0
236 0
134 0
273 0
357 0
362 0
166 0
153 0
177 0
376 0
384 0
959 0
963 0
258 0
269 0
