c Sudoku solution
p cnf 729 0
133 0
169 0
181 0
197 0
212 0
285 0
294 0
353 0
273 0
454 0
498 0
518 0
571 0
621 0
649 0
677 0
686 0
584 0
695 0
747 0
855 0
883 0
987 0
593 0
911 0
925 0
775 0
963 0
443 0
461 0
613 0
634 0
723 0
979 0
874 0
788 0
714 0
944 0
759 0
841 0
791 0
251 0
331 0
124 0
364 0
267 0
557 0
565 0
546 0
435 0
837 0
248 0
178 0
328 0
317 0
115 0
142 0
156 0
345 0
427 0
416 0
819 0
938 0
868 0
952 0
766 0
732 0
826 0
892 0
996 0
522 0
539 0
229 0
236 0
658 0
662 0
376 0
472 0
489 0
382 0
399 0
