c Sudoku solution
p cnf 729 0
115 0
154 0
248 0
272 0
332 0
365 0
378 0
384 0
439 0
446 0
474 0
555 0
641 0
652 0
664 0
679 0
685 0
425 0
295 0
738 0
128 0
756 0
811 0
844 0
867 0
882 0
926 0
933 0
829 0
835 0
969 0
549 0
457 0
396 0
586 0
876 0
627 0
636 0
216 0
319 0
166 0
142 0
347 0
259 0
945 0
762 0
951 0
743 0
858 0
724 0
912 0
717 0
893 0
994 0
988 0
775 0
977 0
492 0
481 0
522 0
531 0
514 0
234 0
137 0
287 0
353 0
261 0
223 0
321 0
171 0
573 0
698 0
597 0
568 0
463 0
418 0
613 0
789 0
791 0
183 0
199 0
