c Sudoku solution
p cnf 729 0
163 0
252 0
284 0
335 0
348 0
356 0
361 0
392 0
437 0
488 0
515 0
524 0
314 0
533 0
568 0
618 0
649 0
674 0
683 0
695 0
779 0
891 0
936 0
943 0
453 0
965 0
155 0
144 0
247 0
269 0
275 0
464 0
445 0
994 0
982 0
496 0
626 0
546 0
662 0
572 0
471 0
631 0
551 0
657 0
238 0
741 0
842 0
181 0
293 0
377 0
176 0
389 0
198 0
216 0
221 0
323 0
911 0
873 0
713 0
732 0
834 0
754 0
139 0
978 0
728 0
825 0
785 0
858 0
959 0
819 0
927 0
117 0
122 0
412 0
429 0
886 0
797 0
766 0
867 0
587 0
599 0
