c Sudoku solution
p cnf 729 0
175 0
234 0
243 0
261 0
286 0
316 0
329 0
348 0
364 0
372 0
393 0
453 0
474 0
485 0
519 0
568 0
577 0
592 0
642 0
669 0
499 0
696 0
812 0
849 0
858 0
863 0
928 0
939 0
957 0
355 0
545 0
876 0
731 0
726 0
941 0
744 0
752 0
982 0
765 0
966 0
973 0
713 0
337 0
297 0
381 0
835 0
914 0
827 0
995 0
617 0
215 0
222 0
259 0
189 0
194 0
278 0
421 0
418 0
432 0
536 0
111 0
123 0
138 0
524 0
583 0
551 0
654 0
625 0
633 0
156 0
162 0
147 0
446 0
467 0
671 0
688 0
779 0
884 0
891 0
787 0
798 0
