c Sudoku solution
p cnf 729 0
133 0
141 0
198 0
253 0
281 0
296 0
332 0
344 0
359 0
368 0
393 0
417 0
484 0
538 0
542 0
557 0
619 0
739 0
743 0
792 0
836 0
861 0
888 0
913 0
873 0
812 0
921 0
771 0
311 0
326 0
516 0
591 0
385 0
377 0
854 0
994 0
431 0
651 0
156 0
952 0
948 0
458 0
678 0
755 0
825 0
937 0
975 0
635 0
646 0
476 0
682 0
583 0
697 0
422 0
463 0
524 0
623 0
664 0
728 0
714 0
115 0
174 0
218 0
234 0
272 0
189 0
162 0
127 0
229 0
579 0
495 0
449 0
565 0
245 0
267 0
847 0
766 0
969 0
787 0
986 0
899 0
