c Sudoku solution
p cnf 729 0
141 0
162 0
179 0
211 0
233 0
259 0
267 0
339 0
387 0
423 0
434 0
456 0
478 0
564 0
575 0
615 0
652 0
661 0
683 0
744 0
819 0
825 0
135 0
951 0
965 0
355 0
154 0
193 0
445 0
469 0
949 0
842 0
973 0
713 0
997 0
677 0
694 0
417 0
648 0
636 0
629 0
127 0
547 0
553 0
343 0
246 0
368 0
863 0
766 0
938 0
722 0
771 0
737 0
831 0
982 0
758 0
857 0
521 0
532 0
518 0
312 0
914 0
926 0
116 0
324 0
228 0
188 0
376 0
391 0
272 0
295 0
284 0
874 0
481 0
492 0
785 0
799 0
886 0
898 0
589 0
596 0
