c Sudoku solution
p cnf 729 0
113 0
149 0
158 0
182 0
214 0
236 0
293 0
364 0
481 0
562 0
579 0
587 0
623 0
473 0
632 0
492 0
645 0
595 0
659 0
756 0
765 0
771 0
826 0
894 0
684 0
174 0
935 0
125 0
415 0
957 0
454 0
983 0
863 0
969 0
733 0
534 0
386 0
166 0
446 0
516 0
996 0
676 0
698 0
468 0
667 0
528 0
611 0
261 0
131 0
197 0
391 0
289 0
278 0
375 0
255 0
921 0
724 0
944 0
885 0
877 0
972 0
799 0
788 0
717 0
742 0
851 0
848 0
812 0
918 0
839 0
319 0
338 0
429 0
437 0
541 0
553 0
247 0
222 0
327 0
343 0
352 0
