c Sudoku solution
p cnf 729 0
166 0
183 0
251 0
278 0
292 0
317 0
343 0
379 0
385 0
421 0
446 0
473 0
535 0
542 0
589 0
594 0
623 0
638 0
516 0
527 0
571 0
649 0
661 0
711 0
795 0
675 0
828 0
118 0
965 0
815 0
455 0
974 0
177 0
284 0
396 0
191 0
331 0
697 0
686 0
482 0
498 0
612 0
467 0
654 0
414 0
439 0
269 0
247 0
145 0
364 0
358 0
152 0
134 0
322 0
129 0
225 0
236 0
213 0
919 0
899 0
993 0
926 0
724 0
844 0
941 0
881 0
748 0
988 0
787 0
957 0
837 0
733 0
932 0
553 0
568 0
856 0
863 0
762 0
759 0
776 0
872 0
