c Sudoku solution
p cnf 729 0
143 0
165 0
176 0
236 0
248 0
273 0
324 0
478 0
495 0
525 0
574 0
581 0
592 0
649 0
655 0
677 0
489 0
733 0
313 0
759 0
858 0
886 0
683 0
696 0
423 0
921 0
726 0
939 0
519 0
416 0
946 0
547 0
437 0
538 0
622 0
668 0
827 0
229 0
128 0
199 0
369 0
356 0
553 0
566 0
879 0
964 0
863 0
993 0
444 0
975 0
397 0
388 0
285 0
335 0
798 0
918 0
772 0
891 0
987 0
784 0
715 0
741 0
767 0
845 0
952 0
342 0
212 0
131 0
117 0
182 0
371 0
294 0
154 0
611 0
634 0
814 0
832 0
451 0
462 0
257 0
261 0
