c Sudoku solution
p cnf 729 0
267 0
279 0
285 0
294 0
319 0
325 0
346 0
397 0
454 0
511 0
535 0
583 0
612 0
653 0
674 0
524 0
681 0
699 0
737 0
778 0
826 0
864 0
144 0
334 0
871 0
191 0
915 0
714 0
984 0
475 0
921 0
231 0
216 0
959 0
169 0
155 0
549 0
388 0
258 0
223 0
173 0
372 0
186 0
242 0
351 0
363 0
487 0
576 0
627 0
441 0
557 0
117 0
761 0
756 0
852 0
968 0
648 0
665 0
466 0
562 0
492 0
598 0
636 0
977 0
996 0
782 0
889 0
729 0
932 0
847 0
745 0
943 0
793 0
895 0
122 0
138 0
428 0
413 0
439 0
818 0
833 0
