c Sudoku solution
p cnf 729 0
151 0
182 0
198 0
264 0
312 0
333 0
349 0
365 0
387 0
468 0
473 0
497 0
539 0
556 0
358 0
613 0
679 0
459 0
688 0
734 0
769 0
796 0
486 0
829 0
119 0
832 0
867 0
881 0
954 0
584 0
414 0
644 0
972 0
777 0
878 0
894 0
391 0
571 0
324 0
174 0
376 0
275 0
238 0
563 0
662 0
441 0
435 0
422 0
592 0
695 0
545 0
657 0
125 0
961 0
631 0
626 0
166 0
143 0
252 0
247 0
137 0
216 0
221 0
711 0
815 0
853 0
846 0
755 0
742 0
948 0
783 0
728 0
923 0
917 0
936 0
518 0
527 0
289 0
293 0
985 0
999 0
