c Sudoku solution
p cnf 729 0
136 0
183 0
199 0
214 0
353 0
374 0
385 0
428 0
469 0
496 0
531 0
542 0
563 0
594 0
617 0
624 0
639 0
661 0
672 0
688 0
558 0
693 0
722 0
749 0
259 0
838 0
865 0
941 0
843 0
151 0
267 0
447 0
454 0
481 0
475 0
144 0
245 0
646 0
655 0
348 0
366 0
162 0
118 0
125 0
177 0
526 0
515 0
884 0
579 0
587 0
989 0
282 0
391 0
298 0
276 0
221 0
233 0
923 0
916 0
711 0
819 0
827 0
773 0
978 0
768 0
964 0
734 0
935 0
795 0
413 0
432 0
312 0
337 0
329 0
871 0
892 0
997 0
786 0
757 0
856 0
952 0
