c Sudoku solution
p cnf 729 0
138 0
172 0
194 0
222 0
287 0
336 0
367 0
389 0
398 0
432 0
528 0
549 0
556 0
621 0
635 0
663 0
674 0
858 0
875 0
883 0
896 0
913 0
718 0
812 0
939 0
869 0
988 0
784 0
478 0
648 0
268 0
276 0
779 0
155 0
259 0
181 0
373 0
295 0
166 0
143 0
233 0
315 0
211 0
324 0
244 0
423 0
827 0
731 0
834 0
841 0
129 0
117 0
514 0
537 0
342 0
351 0
753 0
571 0
593 0
461 0
454 0
964 0
977 0
991 0
792 0
765 0
952 0
726 0
925 0
747 0
946 0
445 0
562 0
657 0
486 0
682 0
585 0
419 0
616 0
497 0
699 0
