c Sudoku solution
p cnf 729 0
124 0
131 0
148 0
226 0
272 0
312 0
338 0
349 0
432 0
466 0
483 0
525 0
616 0
679 0
692 0
717 0
754 0
776 0
781 0
829 0
852 0
722 0
982 0
542 0
162 0
873 0
918 0
953 0
745 0
733 0
921 0
967 0
946 0
841 0
868 0
769 0
798 0
999 0
836 0
288 0
189 0
594 0
586 0
661 0
563 0
623 0
428 0
578 0
511 0
658 0
455 0
559 0
685 0
419 0
634 0
537 0
444 0
647 0
814 0
935 0
974 0
239 0
327 0
243 0
215 0
113 0
393 0
196 0
356 0
264 0
251 0
365 0
157 0
175 0
384 0
371 0
297 0
477 0
491 0
887 0
895 0
