c Sudoku solution
p cnf 729 0
194 0
283 0
297 0
339 0
347 0
353 0
391 0
418 0
522 0
551 0
566 0
636 0
654 0
675 0
682 0
693 0
761 0
826 0
834 0
868 0
648 0
919 0
933 0
463 0
513 0
424 0
629 0
611 0
667 0
921 0
123 0
727 0
738 0
117 0
946 0
952 0
857 0
442 0
987 0
225 0
328 0
269 0
496 0
179 0
715 0
812 0
759 0
792 0
549 0
455 0
437 0
535 0
471 0
489 0
577 0
584 0
598 0
873 0
881 0
899 0
995 0
978 0
743 0
845 0
964 0
244 0
141 0
132 0
231 0
165 0
362 0
385 0
272 0
376 0
188 0
156 0
258 0
216 0
314 0
774 0
786 0
