c Sudoku solution
p cnf 729 0
115 0
128 0
172 0
213 0
256 0
324 0
336 0
379 0
445 0
494 0
549 0
554 0
586 0
196 0
619 0
634 0
489 0
647 0
698 0
729 0
744 0
755 0
783 0
393 0
826 0
416 0
666 0
946 0
776 0
859 0
999 0
888 0
278 0
348 0
914 0
874 0
953 0
833 0
895 0
143 0
458 0
242 0
312 0
841 0
817 0
862 0
652 0
592 0
982 0
732 0
422 0
157 0
351 0
365 0
285 0
184 0
131 0
227 0
239 0
169 0
264 0
291 0
387 0
437 0
577 0
675 0
473 0
681 0
461 0
563 0
623 0
971 0
797 0
711 0
925 0
938 0
768 0
967 0
518 0
521 0
535 0
