c Sudoku solution
p cnf 729 0
189 0
246 0
259 0
285 0
315 0
322 0
339 0
347 0
453 0
499 0
528 0
542 0
565 0
519 0
573 0
624 0
658 0
696 0
713 0
633 0
675 0
754 0
351 0
766 0
556 0
795 0
831 0
537 0
912 0
738 0
611 0
416 0
432 0
425 0
682 0
649 0
667 0
935 0
814 0
957 0
136 0
234 0
741 0
444 0
461 0
787 0
772 0
729 0
827 0
926 0
488 0
477 0
943 0
974 0
981 0
998 0
893 0
886 0
879 0
969 0
376 0
584 0
591 0
383 0
394 0
164 0
263 0
152 0
368 0
145 0
197 0
292 0
123 0
221 0
171 0
278 0
118 0
217 0
848 0
855 0
862 0
