c Sudoku solution
p cnf 729 0
181 0
246 0
259 0
283 0
298 0
376 0
399 0
428 0
451 0
473 0
537 0
566 0
589 0
639 0
663 0
678 0
686 0
694 0
743 0
861 0
341 0
888 0
897 0
993 0
796 0
591 0
487 0
919 0
129 0
956 0
826 0
964 0
975 0
771 0
982 0
784 0
879 0
769 0
449 0
572 0
495 0
462 0
192 0
385 0
352 0
153 0
144 0
177 0
274 0
842 0
855 0
554 0
548 0
324 0
523 0
515 0
645 0
657 0
947 0
758 0
938 0
921 0
622 0
611 0
231 0
212 0
717 0
227 0
135 0
116 0
168 0
265 0
367 0
414 0
436 0
813 0
834 0
318 0
333 0
725 0
732 0
