c Sudoku solution
p cnf 729 0
114 0
169 0
235 0
244 0
251 0
293 0
397 0
482 0
523 0
531 0
557 0
598 0
619 0
636 0
663 0
473 0
759 0
811 0
846 0
888 0
937 0
945 0
984 0
783 0
374 0
564 0
854 0
953 0
833 0
313 0
339 0
143 0
267 0
127 0
321 0
417 0
747 0
862 0
877 0
687 0
181 0
996 0
716 0
515 0
622 0
542 0
449 0
694 0
226 0
289 0
641 0
491 0
675 0
658 0
348 0
352 0
385 0
192 0
278 0
176 0
138 0
212 0
155 0
366 0
918 0
732 0
724 0
825 0
929 0
771 0
768 0
961 0
795 0
972 0
899 0
428 0
434 0
456 0
465 0
579 0
586 0
