c Sudoku solution
p cnf 729 0
118 0
171 0
215 0
246 0
257 0
273 0
326 0
337 0
399 0
413 0
447 0
529 0
531 0
566 0
572 0
664 0
751 0
798 0
842 0
897 0
677 0
517 0
187 0
196 0
938 0
954 0
856 0
868 0
288 0
478 0
628 0
979 0
776 0
916 0
612 0
982 0
292 0
224 0
311 0
239 0
144 0
261 0
425 0
434 0
636 0
491 0
641 0
486 0
689 0
819 0
714 0
749 0
881 0
874 0
823 0
921 0
835 0
732 0
727 0
967 0
122 0
133 0
375 0
384 0
594 0
159 0
165 0
452 0
469 0
362 0
763 0
945 0
785 0
993 0
583 0
695 0
548 0
555 0
653 0
343 0
358 0
