c Sudoku solution
p cnf 729 0
235 0
267 0
278 0
281 0
345 0
368 0
387 0
393 0
491 0
529 0
563 0
584 0
627 0
642 0
651 0
669 0
685 0
731 0
511 0
555 0
321 0
818 0
843 0
859 0
875 0
971 0
861 0
141 0
249 0
195 0
925 0
765 0
415 0
939 0
799 0
964 0
444 0
466 0
162 0
992 0
886 0
752 0
482 0
479 0
673 0
532 0
457 0
548 0
698 0
822 0
788 0
983 0
958 0
372 0
212 0
319 0
189 0
334 0
356 0
724 0
713 0
837 0
916 0
777 0
894 0
746 0
947 0
614 0
636 0
117 0
174 0
296 0
153 0
254 0
138 0
223 0
126 0
428 0
433 0
576 0
597 0
