c Sudoku solution
p cnf 729 0
111 0
143 0
178 0
235 0
272 0
284 0
291 0
319 0
469 0
492 0
536 0
562 0
588 0
594 0
614 0
656 0
673 0
749 0
259 0
767 0
886 0
476 0
927 0
934 0
966 0
863 0
268 0
995 0
622 0
774 0
223 0
661 0
341 0
246 0
217 0
132 0
338 0
352 0
157 0
716 0
648 0
685 0
942 0
782 0
812 0
375 0
189 0
196 0
165 0
364 0
124 0
326 0
979 0
699 0
529 0
637 0
571 0
487 0
547 0
839 0
877 0
981 0
793 0
898 0
731 0
825 0
913 0
728 0
755 0
844 0
851 0
958 0
515 0
433 0
421 0
418 0
454 0
553 0
445 0
383 0
397 0
