c Sudoku solution
p cnf 729 0
182 0
233 0
267 0
361 0
374 0
387 0
438 0
517 0
524 0
536 0
593 0
173 0
625 0
644 0
672 0
699 0
657 0
631 0
613 0
841 0
864 0
885 0
911 0
942 0
747 0
953 0
823 0
783 0
343 0
463 0
562 0
965 0
978 0
994 0
484 0
715 0
734 0
549 0
128 0
221 0
137 0
335 0
191 0
818 0
927 0
726 0
832 0
939 0
792 0
771 0
856 0
897 0
986 0
879 0
248 0
398 0
352 0
212 0
329 0
114 0
316 0
254 0
419 0
422 0
575 0
295 0
477 0
276 0
289 0
581 0
496 0
688 0
451 0
558 0
445 0
666 0
146 0
155 0
169 0
759 0
768 0
