c Sudoku solution
p cnf 729 0
113 0
137 0
169 0
263 0
286 0
336 0
344 0
391 0
433 0
441 0
489 0
494 0
522 0
535 0
554 0
578 0
593 0
626 0
476 0
643 0
692 0
796 0
842 0
879 0
299 0
915 0
816 0
928 0
997 0
427 0
418 0
717 0
238 0
984 0
198 0
748 0
888 0
895 0
145 0
247 0
156 0
251 0
121 0
174 0
182 0
212 0
319 0
224 0
325 0
275 0
614 0
511 0
639 0
587 0
566 0
549 0
823 0
729 0
946 0
961 0
857 0
864 0
765 0
753 0
959 0
973 0
734 0
932 0
831 0
667 0
658 0
455 0
462 0
352 0
368 0
772 0
781 0
671 0
685 0
377 0
383 0
