c Sudoku solution
p cnf 729 0
248 0
256 0
263 0
282 0
329 0
331 0
342 0
388 0
522 0
537 0
621 0
634 0
235 0
678 0
697 0
759 0
793 0
865 0
881 0
939 0
943 0
952 0
662 0
964 0
911 0
367 0
986 0
995 0
977 0
784 0
772 0
879 0
898 0
857 0
846 0
741 0
768 0
736 0
928 0
616 0
126 0
447 0
492 0
187 0
299 0
271 0
591 0
194 0
354 0
313 0
173 0
544 0
474 0
576 0
466 0
451 0
569 0
558 0
653 0
645 0
583 0
515 0
423 0
438 0
419 0
485 0
689 0
717 0
725 0
214 0
227 0
812 0
833 0
824 0
118 0
132 0
149 0
155 0
161 0
375 0
396 0
