c Sudoku solution
p cnf 729 0
155 0
244 0
268 0
276 0
289 0
311 0
334 0
352 0
387 0
463 0
491 0
251 0
538 0
586 0
612 0
624 0
631 0
697 0
757 0
799 0
842 0
562 0
541 0
447 0
167 0
916 0
896 0
927 0
877 0
517 0
523 0
237 0
959 0
853 0
554 0
595 0
579 0
375 0
964 0
194 0
972 0
981 0
171 0
482 0
474 0
458 0
656 0
292 0
225 0
213 0
773 0
998 0
933 0
945 0
861 0
766 0
748 0
721 0
732 0
122 0
649 0
665 0
369 0
678 0
683 0
188 0
393 0
143 0
346 0
136 0
328 0
119 0
818 0
714 0
835 0
829 0
785 0
884 0
415 0
426 0
439 0
