c Sudoku solution
p cnf 729 0
199 0
251 0
268 0
286 0
323 0
347 0
355 0
434 0
527 0
532 0
541 0
554 0
613 0
662 0
674 0
687 0
795 0
838 0
842 0
152 0
889 0
896 0
919 0
936 0
733 0
958 0
965 0
982 0
476 0
492 0
579 0
115 0
275 0
372 0
585 0
825 0
445 0
648 0
691 0
635 0
761 0
131 0
339 0
237 0
381 0
177 0
249 0
293 0
759 0
746 0
656 0
563 0
483 0
598 0
516 0
629 0
126 0
318 0
366 0
188 0
394 0
411 0
428 0
921 0
871 0
853 0
944 0
867 0
814 0
722 0
717 0
784 0
778 0
212 0
224 0
143 0
164 0
457 0
469 0
973 0
997 0
