c Sudoku solution
p cnf 729 0
113 0
185 0
219 0
222 0
318 0
326 0
357 0
384 0
454 0
468 0
541 0
559 0
593 0
628 0
646 0
689 0
774 0
694 0
791 0
824 0
514 0
845 0
877 0
883 0
899 0
392 0
961 0
944 0
121 0
335 0
251 0
371 0
273 0
179 0
248 0
142 0
156 0
164 0
137 0
234 0
198 0
265 0
655 0
672 0
481 0
562 0
536 0
866 0
527 0
611 0
633 0
443 0
667 0
497 0
476 0
575 0
588 0
812 0
831 0
858 0
415 0
432 0
429 0
725 0
923 0
952 0
753 0
782 0
716 0
917 0
738 0
939 0
349 0
363 0
747 0
769 0
995 0
978 0
986 0
287 0
296 0
