c Sudoku solution
p cnf 729 0
227 0
244 0
258 0
289 0
334 0
352 0
373 0
387 0
411 0
465 0
492 0
563 0
597 0
633 0
483 0
213 0
676 0
684 0
724 0
514 0
454 0
836 0
843 0
793 0
923 0
153 0
851 0
968 0
864 0
979 0
994 0
174 0
478 0
699 0
657 0
437 0
981 0
786 0
731 0
718 0
585 0
571 0
121 0
946 0
955 0
759 0
775 0
898 0
877 0
882 0
917 0
932 0
235 0
112 0
188 0
272 0
139 0
328 0
316 0
615 0
819 0
825 0
622 0
538 0
542 0
661 0
648 0
341 0
266 0
369 0
145 0
167 0
196 0
395 0
291 0
747 0
762 0
449 0
556 0
426 0
529 0
