c Sudoku solution
p cnf 729 0
134 0
175 0
183 0
226 0
231 0
348 0
397 0
428 0
466 0
473 0
487 0
568 0
596 0
614 0
636 0
679 0
681 0
698 0
118 0
727 0
217 0
537 0
735 0
751 0
824 0
833 0
938 0
858 0
882 0
946 0
156 0
965 0
895 0
585 0
993 0
191 0
361 0
764 0
743 0
952 0
712 0
816 0
799 0
984 0
871 0
977 0
657 0
332 0
129 0
921 0
919 0
439 0
492 0
574 0
522 0
272 0
294 0
376 0
389 0
288 0
245 0
354 0
444 0
541 0
455 0
642 0
663 0
559 0
411 0
513 0
625 0
315 0
323 0
147 0
162 0
849 0
867 0
253 0
269 0
778 0
786 0
