c Sudoku solution
p cnf 729 0
127 0
193 0
211 0
282 0
299 0
338 0
355 0
377 0
459 0
474 0
545 0
551 0
619 0
637 0
648 0
666 0
726 0
742 0
758 0
763 0
914 0
921 0
431 0
946 0
957 0
854 0
564 0
624 0
965 0
973 0
988 0
992 0
939 0
735 0
717 0
329 0
415 0
225 0
152 0
361 0
256 0
116 0
134 0
312 0
233 0
149 0
168 0
267 0
278 0
244 0
343 0
536 0
832 0
841 0
869 0
447 0
653 0
462 0
522 0
672 0
876 0
175 0
181 0
771 0
794 0
789 0
579 0
685 0
691 0
384 0
396 0
887 0
895 0
486 0
583 0
498 0
597 0
423 0
518 0
813 0
828 0
