c Sudoku solution
p cnf 729 0
126 0
134 0
159 0
185 0
281 0
298 0
328 0
343 0
362 0
397 0
414 0
422 0
435 0
469 0
521 0
553 0
713 0
777 0
792 0
193 0
172 0
818 0
842 0
582 0
652 0
896 0
491 0
925 0
875 0
971 0
947 0
749 0
724 0
788 0
487 0
473 0
257 0
117 0
311 0
339 0
215 0
232 0
223 0
355 0
279 0
912 0
633 0
538 0
627 0
567 0
678 0
829 0
837 0
731 0
936 0
851 0
954 0
863 0
968 0
884 0
983 0
999 0
756 0
765 0
458 0
446 0
244 0
266 0
545 0
695 0
641 0
664 0
148 0
161 0
386 0
374 0
576 0
594 0
689 0
519 0
616 0
