c Sudoku solution
p cnf 729 0
154 0
187 0
222 0
239 0
245 0
266 0
273 0
284 0
321 0
334 0
438 0
499 0
511 0
647 0
662 0
681 0
763 0
778 0
796 0
829 0
619 0
846 0
885 0
913 0
893 0
948 0
818 0
217 0
128 0
133 0
974 0
864 0
989 0
782 0
412 0
714 0
676 0
483 0
588 0
658 0
623 0
694 0
635 0
251 0
169 0
142 0
343 0
379 0
392 0
298 0
386 0
116 0
315 0
553 0
456 0
357 0
368 0
852 0
932 0
926 0
725 0
759 0
741 0
737 0
831 0
877 0
991 0
536 0
444 0
461 0
549 0
565 0
427 0
524 0
475 0
955 0
967 0
171 0
195 0
572 0
597 0
