c Sudoku solution
p cnf 729 0
124 0
169 0
175 0
193 0
219 0
232 0
267 0
414 0
423 0
536 0
557 0
573 0
638 0
649 0
654 0
663 0
718 0
759 0
764 0
815 0
888 0
896 0
947 0
966 0
958 0
745 0
726 0
148 0
994 0
985 0
783 0
834 0
584 0
291 0
286 0
676 0
737 0
771 0
792 0
979 0
877 0
829 0
439 0
599 0
568 0
525 0
695 0
228 0
255 0
243 0
344 0
274 0
335 0
313 0
116 0
356 0
933 0
617 0
327 0
131 0
152 0
361 0
187 0
853 0
446 0
451 0
542 0
465 0
681 0
511 0
622 0
912 0
921 0
841 0
862 0
482 0
478 0
497 0
372 0
389 0
398 0
