c Sudoku solution
p cnf 729 0
124 0
198 0
218 0
236 0
265 0
317 0
395 0
441 0
475 0
519 0
576 0
581 0
614 0
626 0
631 0
667 0
672 0
693 0
715 0
135 0
525 0
749 0
758 0
812 0
916 0
111 0
413 0
866 0
456 0
796 0
934 0
989 0
885 0
688 0
499 0
659 0
645 0
955 0
991 0
782 0
292 0
897 0
947 0
962 0
594 0
487 0
464 0
537 0
727 0
821 0
733 0
928 0
839 0
761 0
774 0
878 0
973 0
422 0
438 0
332 0
169 0
368 0
177 0
257 0
351 0
271 0
379 0
229 0
323 0
548 0
552 0
563 0
142 0
153 0
244 0
346 0
186 0
283 0
384 0
843 0
854 0
