c Sudoku solution
p cnf 729 0
238 0
245 0
259 0
277 0
282 0
322 0
353 0
378 0
399 0
417 0
512 0
523 0
558 0
575 0
597 0
635 0
671 0
694 0
767 0
798 0
825 0
846 0
861 0
818 0
919 0
749 0
616 0
948 0
963 0
168 0
465 0
662 0
657 0
643 0
569 0
456 0
586 0
142 0
347 0
151 0
955 0
785 0
195 0
315 0
534 0
444 0
541 0
331 0
291 0
384 0
183 0
176 0
114 0
213 0
226 0
264 0
366 0
711 0
421 0
439 0
628 0
488 0
689 0
724 0
752 0
854 0
927 0
887 0
879 0
129 0
137 0
974 0
981 0
472 0
493 0
773 0
892 0
996 0
736 0
833 0
932 0
