c Sudoku solution
p cnf 729 0
155 0
173 0
221 0
238 0
274 0
341 0
366 0
378 0
385 0
215 0
392 0
465 0
518 0
557 0
581 0
191 0
617 0
636 0
663 0
651 0
699 0
732 0
768 0
458 0
688 0
148 0
849 0
569 0
854 0
164 0
952 0
756 0
262 0
247 0
253 0
359 0
296 0
289 0
187 0
139 0
975 0
779 0
871 0
882 0
986 0
711 0
867 0
961 0
943 0
745 0
431 0
672 0
576 0
595 0
477 0
446 0
625 0
644 0
542 0
835 0
998 0
797 0
784 0
893 0
723 0
816 0
828 0
112 0
126 0
422 0
419 0
313 0
914 0
937 0
929 0
524 0
533 0
327 0
334 0
483 0
494 0
