c Sudoku solution
p cnf 729 0
123 0
188 0
251 0
272 0
345 0
366 0
379 0
429 0
454 0
486 0
495 0
513 0
565 0
581 0
599 0
656 0
663 0
649 0
473 0
692 0
719 0
762 0
771 0
797 0
827 0
926 0
746 0
536 0
931 0
998 0
214 0
116 0
191 0
296 0
876 0
833 0
894 0
975 0
783 0
912 0
882 0
989 0
285 0
135 0
228 0
239 0
243 0
267 0
358 0
177 0
953 0
557 0
947 0
964 0
144 0
152 0
169 0
755 0
724 0
738 0
815 0
625 0
611 0
317 0
321 0
332 0
418 0
437 0
522 0
634 0
442 0
461 0
548 0
574 0
687 0
678 0
841 0
859 0
868 0
384 0
393 0
