c Sudoku solution
p cnf 729 0
224 0
237 0
255 0
266 0
319 0
338 0
344 0
386 0
391 0
457 0
489 0
514 0
539 0
571 0
669 0
688 0
797 0
842 0
858 0
864 0
654 0
876 0
913 0
932 0
734 0
946 0
967 0
556 0
147 0
377 0
325 0
587 0
959 0
249 0
168 0
151 0
211 0
753 0
352 0
363 0
995 0
185 0
984 0
978 0
921 0
835 0
817 0
829 0
779 0
782 0
881 0
893 0
627 0
298 0
199 0
174 0
494 0
696 0
283 0
272 0
592 0
565 0
462 0
612 0
415 0
473 0
675 0
116 0
122 0
133 0
718 0
726 0
523 0
631 0
436 0
428 0
441 0
643 0
548 0
745 0
761 0
