c Sudoku solution
p cnf 729 0
146 0
251 0
269 0
339 0
358 0
363 0
381 0
438 0
466 0
487 0
536 0
574 0
633 0
642 0
667 0
678 0
796 0
686 0
812 0
888 0
899 0
914 0
784 0
959 0
856 0
926 0
985 0
992 0
553 0
217 0
316 0
276 0
527 0
422 0
624 0
582 0
479 0
493 0
549 0
568 0
441 0
415 0
454 0
655 0
595 0
691 0
511 0
619 0
729 0
718 0
823 0
113 0
121 0
228 0
198 0
372 0
189 0
283 0
232 0
325 0
134 0
948 0
743 0
961 0
973 0
937 0
864 0
175 0
294 0
397 0
162 0
157 0
245 0
344 0
847 0
765 0
752 0
731 0
835 0
777 0
871 0
