c Sudoku solution
p cnf 729 0
125 0
236 0
265 0
289 0
291 0
339 0
373 0
388 0
395 0
414 0
498 0
553 0
568 0
592 0
627 0
633 0
618 0
483 0
751 0
812 0
828 0
138 0
432 0
844 0
857 0
875 0
831 0
886 0
535 0
685 0
916 0
715 0
519 0
987 0
971 0
778 0
782 0
737 0
934 0
794 0
581 0
526 0
421 0
574 0
477 0
547 0
272 0
176 0
322 0
224 0
258 0
243 0
113 0
311 0
217 0
346 0
354 0
367 0
749 0
766 0
863 0
962 0
723 0
929 0
899 0
993 0
948 0
955 0
445 0
664 0
641 0
652 0
142 0
161 0
159 0
456 0
469 0
679 0
696 0
184 0
197 0
