c Sudoku solution
p cnf 729 0
155 0
225 0
277 0
284 0
296 0
346 0
388 0
395 0
422 0
441 0
466 0
485 0
537 0
544 0
571 0
598 0
638 0
458 0
497 0
682 0
719 0
794 0
821 0
611 0
515 0
847 0
878 0
917 0
787 0
948 0
728 0
953 0
657 0
745 0
975 0
835 0
665 0
559 0
562 0
643 0
699 0
439 0
761 0
523 0
414 0
626 0
473 0
586 0
674 0
924 0
969 0
864 0
889 0
134 0
116 0
218 0
168 0
367 0
263 0
354 0
251 0
127 0
329 0
331 0
232 0
313 0
249 0
142 0
372 0
812 0
936 0
733 0
893 0
856 0
752 0
776 0
992 0
981 0
179 0
183 0
191 0
