c Sudoku solution
p cnf 729 0
167 0
233 0
242 0
256 0
314 0
365 0
383 0
434 0
462 0
477 0
512 0
596 0
627 0
681 0
693 0
672 0
722 0
758 0
789 0
811 0
849 0
936 0
945 0
961 0
973 0
988 0
485 0
584 0
287 0
337 0
132 0
186 0
392 0
326 0
531 0
735 0
838 0
639 0
882 0
952 0
994 0
929 0
824 0
713 0
917 0
174 0
264 0
654 0
555 0
547 0
615 0
416 0
744 0
766 0
863 0
857 0
771 0
797 0
876 0
895 0
646 0
668 0
569 0
499 0
578 0
428 0
523 0
275 0
125 0
221 0
191 0
379 0
298 0
219 0
118 0
143 0
159 0
348 0
351 0
441 0
453 0
