c Sudoku solution
p cnf 729 0
257 0
294 0
349 0
354 0
366 0
375 0
387 0
398 0
474 0
496 0
537 0
545 0
616 0
556 0
628 0
634 0
564 0
641 0
732 0
755 0
776 0
839 0
868 0
891 0
927 0
117 0
124 0
936 0
846 0
877 0
226 0
219 0
186 0
697 0
685 0
995 0
984 0
814 0
825 0
744 0
767 0
415 0
447 0
458 0
199 0
592 0
422 0
529 0
312 0
793 0
882 0
721 0
718 0
913 0
789 0
978 0
853 0
942 0
511 0
433 0
481 0
588 0
573 0
679 0
469 0
323 0
331 0
652 0
663 0
151 0
165 0
262 0
172 0
143 0
248 0
138 0
235 0
959 0
961 0
271 0
283 0
