c Sudoku solution
p cnf 729 0
168 0
179 0
216 0
233 0
254 0
269 0
281 0
345 0
376 0
434 0
499 0
512 0
523 0
591 0
625 0
662 0
686 0
737 0
813 0
832 0
855 0
861 0
915 0
135 0
938 0
536 0
949 0
559 0
956 0
146 0
466 0
565 0
972 0
771 0
921 0
482 0
475 0
673 0
295 0
785 0
889 0
993 0
367 0
242 0
752 0
763 0
443 0
641 0
544 0
411 0
639 0
694 0
151 0
353 0
183 0
331 0
748 0
847 0
964 0
987 0
874 0
796 0
898 0
826 0
384 0
588 0
577 0
278 0
197 0
392 0
122 0
114 0
227 0
719 0
724 0
617 0
428 0
457 0
658 0
318 0
329 0
