c Sudoku solution
p cnf 729 0
122 0
137 0
188 0
236 0
285 0
338 0
349 0
362 0
394 0
415 0
325 0
446 0
529 0
563 0
578 0
581 0
645 0
595 0
516 0
658 0
428 0
674 0
726 0
844 0
869 0
459 0
883 0
923 0
224 0
942 0
547 0
552 0
464 0
661 0
431 0
627 0
534 0
821 0
633 0
612 0
154 0
165 0
356 0
387 0
966 0
686 0
699 0
482 0
977 0
473 0
497 0
371 0
313 0
119 0
211 0
141 0
193 0
292 0
279 0
176 0
896 0
818 0
717 0
914 0
784 0
989 0
768 0
857 0
743 0
998 0
791 0
755 0
951 0
772 0
875 0
739 0
832 0
935 0
248 0
253 0
267 0
