c Sudoku solution
p cnf 729 0
192 0
318 0
324 0
361 0
375 0
396 0
411 0
465 0
523 0
547 0
572 0
594 0
634 0
693 0
737 0
748 0
763 0
819 0
831 0
864 0
882 0
873 0
913 0
714 0
946 0
845 0
857 0
826 0
898 0
641 0
581 0
685 0
387 0
989 0
974 0
997 0
795 0
771 0
786 0
951 0
722 0
759 0
962 0
121 0
291 0
488 0
499 0
427 0
476 0
677 0
432 0
616 0
515 0
652 0
212 0
117 0
267 0
342 0
353 0
339 0
225 0
155 0
928 0
935 0
629 0
538 0
556 0
569 0
668 0
443 0
454 0
258 0
166 0
133 0
236 0
184 0
283 0
149 0
244 0
178 0
279 0
