c Sudoku solution
p cnf 729 0
189 0
254 0
262 0
291 0
319 0
249 0
331 0
373 0
438 0
451 0
534 0
568 0
611 0
623 0
642 0
688 0
718 0
744 0
776 0
822 0
132 0
833 0
213 0
845 0
881 0
571 0
943 0
141 0
348 0
979 0
472 0
512 0
985 0
998 0
858 0
869 0
816 0
937 0
914 0
921 0
761 0
952 0
757 0
966 0
117 0
367 0
415 0
894 0
877 0
287 0
697 0
165 0
153 0
356 0
196 0
463 0
664 0
484 0
675 0
555 0
659 0
636 0
226 0
235 0
324 0
128 0
174 0
382 0
395 0
278 0
725 0
739 0
783 0
792 0
586 0
593 0
499 0
446 0
547 0
427 0
529 0
