c Sudoku solution
p cnf 729 0
134 0
158 0
225 0
272 0
286 0
294 0
319 0
321 0
437 0
513 0
585 0
597 0
655 0
415 0
664 0
647 0
681 0
531 0
791 0
171 0
812 0
911 0
714 0
845 0
876 0
893 0
673 0
929 0
838 0
827 0
639 0
332 0
233 0
126 0
117 0
218 0
616 0
496 0
723 0
199 0
183 0
165 0
142 0
954 0
884 0
344 0
963 0
443 0
241 0
353 0
366 0
978 0
987 0
992 0
789 0
775 0
736 0
935 0
946 0
748 0
556 0
549 0
395 0
377 0
388 0
574 0
479 0
424 0
482 0
698 0
451 0
468 0
562 0
528 0
622 0
859 0
861 0
752 0
767 0
257 0
269 0
