c Sudoku solution
p cnf 729 0
134 0
213 0
275 0
339 0
344 0
365 0
393 0
423 0
535 0
546 0
578 0
628 0
642 0
655 0
664 0
671 0
683 0
697 0
636 0
619 0
716 0
769 0
777 0
812 0
879 0
973 0
929 0
474 0
895 0
485 0
496 0
432 0
948 0
745 0
915 0
514 0
125 0
952 0
986 0
994 0
284 0
967 0
931 0
724 0
827 0
854 0
866 0
521 0
417 0
237 0
147 0
387 0
843 0
751 0
881 0
733 0
838 0
311 0
118 0
298 0
358 0
557 0
563 0
153 0
256 0
249 0
176 0
372 0
162 0
261 0
222 0
326 0
441 0
468 0
459 0
189 0
191 0
788 0
792 0
582 0
599 0
