c Sudoku solution
p cnf 729 0
119 0
162 0
197 0
216 0
251 0
284 0
375 0
383 0
392 0
444 0
512 0
559 0
573 0
625 0
666 0
678 0
279 0
298 0
755 0
818 0
915 0
829 0
887 0
895 0
477 0
927 0
968 0
788 0
976 0
171 0
186 0
981 0
585 0
465 0
747 0
411 0
713 0
993 0
799 0
949 0
369 0
496 0
222 0
934 0
952 0
642 0
482 0
689 0
439 0
691 0
594 0
614 0
317 0
267 0
657 0
453 0
561 0
548 0
428 0
633 0
537 0
526 0
123 0
235 0
324 0
331 0
138 0
243 0
145 0
154 0
721 0
764 0
772 0
874 0
736 0
832 0
841 0
863 0
856 0
346 0
358 0
