c Sudoku solution
p cnf 729 0
198 0
227 0
236 0
268 0
329 0
386 0
434 0
462 0
496 0
531 0
587 0
594 0
628 0
667 0
417 0
672 0
711 0
121 0
732 0
522 0
763 0
819 0
639 0
854 0
644 0
882 0
891 0
938 0
837 0
318 0
966 0
865 0
848 0
361 0
164 0
214 0
112 0
374 0
569 0
983 0
876 0
784 0
778 0
924 0
726 0
915 0
823 0
795 0
425 0
488 0
479 0
681 0
558 0
271 0
977 0
999 0
397 0
292 0
173 0
135 0
333 0
189 0
285 0
575 0
693 0
655 0
546 0
513 0
616 0
345 0
352 0
942 0
951 0
441 0
453 0
243 0
259 0
147 0
156 0
749 0
757 0
