c Sudoku solution
p cnf 729 0
139 0
184 0
212 0
253 0
271 0
287 0
318 0
392 0
496 0
532 0
555 0
563 0
598 0
178 0
613 0
636 0
546 0
659 0
661 0
677 0
741 0
754 0
816 0
858 0
865 0
873 0
943 0
483 0
581 0
193 0
931 0
891 0
997 0
974 0
579 0
694 0
514 0
527 0
226 0
795 0
299 0
429 0
411 0
648 0
438 0
625 0
475 0
682 0
121 0
351 0
915 0
719 0
117 0
145 0
367 0
349 0
235 0
244 0
268 0
464 0
969 0
889 0
457 0
442 0
847 0
737 0
723 0
834 0
822 0
928 0
788 0
324 0
333 0
772 0
986 0
766 0
952 0
156 0
162 0
376 0
385 0
