c Sudoku solution
p cnf 729 0
128 0
193 0
216 0
279 0
297 0
355 0
386 0
459 0
544 0
563 0
576 0
611 0
625 0
639 0
662 0
768 0
789 0
599 0
585 0
551 0
175 0
235 0
822 0
527 0
861 0
264 0
884 0
933 0
945 0
465 0
998 0
694 0
374 0
288 0
348 0
658 0
646 0
447 0
478 0
754 0
717 0
815 0
838 0
795 0
896 0
849 0
518 0
532 0
221 0
337 0
134 0
141 0
182 0
391 0
119 0
312 0
323 0
369 0
413 0
914 0
929 0
726 0
731 0
424 0
436 0
971 0
772 0
987 0
873 0
743 0
952 0
857 0
966 0
242 0
253 0
156 0
167 0
677 0
683 0
481 0
492 0
