c Sudoku solution
p cnf 729 0
169 0
194 0
266 0
277 0
325 0
337 0
379 0
383 0
452 0
529 0
538 0
624 0
695 0
734 0
759 0
781 0
817 0
427 0
832 0
841 0
875 0
911 0
939 0
715 0
435 0
631 0
219 0
314 0
396 0
118 0
233 0
136 0
964 0
884 0
899 0
565 0
987 0
597 0
998 0
288 0
185 0
342 0
762 0
747 0
793 0
972 0
776 0
728 0
143 0
157 0
667 0
171 0
292 0
122 0
221 0
491 0
551 0
358 0
361 0
254 0
245 0
946 0
955 0
826 0
923 0
544 0
474 0
678 0
573 0
649 0
656 0
463 0
448 0
416 0
613 0
512 0
489 0
586 0
682 0
853 0
868 0
