c Sudoku solution
p cnf 729 0
137 0
146 0
267 0
282 0
331 0
343 0
358 0
375 0
453 0
528 0
564 0
571 0
595 0
635 0
642 0
677 0
684 0
744 0
816 0
834 0
848 0
873 0
885 0
921 0
963 0
999 0
974 0
362 0
122 0
547 0
945 0
465 0
668 0
766 0
986 0
161 0
249 0
291 0
441 0
611 0
869 0
827 0
957 0
417 0
424 0
781 0
892 0
778 0
797 0
752 0
851 0
472 0
276 0
326 0
319 0
394 0
387 0
179 0
114 0
155 0
254 0
512 0
918 0
932 0
238 0
188 0
193 0
583 0
696 0
498 0
489 0
436 0
539 0
623 0
556 0
659 0
225 0
213 0
715 0
729 0
733 0
