c Sudoku solution
p cnf 729 0
144 0
153 0
176 0
229 0
337 0
351 0
389 0
169 0
393 0
443 0
525 0
552 0
561 0
579 0
622 0
631 0
646 0
695 0
718 0
772 0
799 0
836 0
888 0
932 0
439 0
659 0
954 0
985 0
996 0
857 0
233 0
375 0
267 0
547 0
197 0
538 0
594 0
734 0
815 0
919 0
849 0
862 0
135 0
128 0
284 0
874 0
891 0
823 0
366 0
216 0
111 0
312 0
324 0
182 0
271 0
298 0
242 0
348 0
255 0
513 0
426 0
586 0
745 0
941 0
756 0
763 0
968 0
721 0
927 0
787 0
973 0
458 0
465 0
664 0
414 0
617 0
477 0
481 0
492 0
683 0
678 0
