c Sudoku solution
p cnf 729 0
198 0
217 0
236 0
262 0
333 0
371 0
384 0
392 0
419 0
458 0
486 0
176 0
187 0
494 0
552 0
566 0
589 0
614 0
626 0
544 0
645 0
659 0
716 0
767 0
357 0
346 0
447 0
785 0
283 0
825 0
878 0
688 0
882 0
981 0
964 0
955 0
856 0
834 0
774 0
996 0
897 0
368 0
165 0
315 0
228 0
124 0
329 0
254 0
149 0
153 0
241 0
843 0
751 0
869 0
811 0
112 0
131 0
739 0
748 0
942 0
722 0
793 0
979 0
275 0
299 0
435 0
632 0
472 0
677 0
573 0
691 0
595 0
521 0
423 0
518 0
537 0
461 0
663 0
913 0
927 0
938 0
