c Sudoku solution
p cnf 729 0
234 0
242 0
256 0
319 0
336 0
355 0
367 0
394 0
425 0
558 0
582 0
599 0
628 0
649 0
439 0
685 0
696 0
731 0
768 0
789 0
838 0
845 0
565 0
873 0
884 0
917 0
946 0
776 0
466 0
186 0
963 0
991 0
988 0
816 0
526 0
269 0
179 0
829 0
959 0
924 0
897 0
192 0
322 0
723 0
972 0
795 0
712 0
935 0
452 0
632 0
537 0
133 0
343 0
148 0
115 0
218 0
127 0
221 0
378 0
381 0
653 0
447 0
677 0
513 0
541 0
664 0
574 0
414 0
611 0
744 0
757 0
851 0
862 0
154 0
161 0
471 0
483 0
498 0
275 0
293 0
287 0
