c Sudoku solution
p cnf 729 0
168 0
193 0
221 0
236 0
252 0
279 0
297 0
323 0
364 0
376 0
519 0
535 0
572 0
622 0
641 0
653 0
583 0
591 0
699 0
733 0
413 0
431 0
782 0
392 0
827 0
865 0
263 0
245 0
455 0
974 0
873 0
943 0
494 0
666 0
567 0
526 0
428 0
486 0
477 0
987 0
889 0
771 0
769 0
961 0
842 0
811 0
449 0
462 0
347 0
146 0
757 0
175 0
315 0
678 0
685 0
124 0
218 0
339 0
181 0
388 0
284 0
159 0
351 0
725 0
929 0
995 0
117 0
132 0
912 0
938 0
716 0
834 0
744 0
798 0
896 0
858 0
956 0
614 0
637 0
548 0
554 0
