c Sudoku solution
p cnf 729 0
237 0
244 0
292 0
333 0
355 0
398 0
519 0
536 0
575 0
656 0
662 0
678 0
681 0
713 0
768 0
771 0
191 0
829 0
139 0
841 0
857 0
873 0
894 0
917 0
925 0
931 0
988 0
795 0
787 0
865 0
964 0
276 0
522 0
584 0
454 0
389 0
215 0
185 0
283 0
614 0
635 0
438 0
411 0
445 0
734 0
726 0
946 0
953 0
886 0
972 0
999 0
832 0
818 0
482 0
496 0
479 0
649 0
742 0
759 0
347 0
152 0
116 0
312 0
163 0
148 0
366 0
177 0
374 0
124 0
321 0
228 0
543 0
467 0
561 0
558 0
423 0
627 0
597 0
693 0
251 0
269 0
