c Sudoku solution
p cnf 729 0
125 0
166 0
295 0
338 0
379 0
421 0
515 0
536 0
552 0
597 0
627 0
634 0
641 0
668 0
673 0
686 0
655 0
756 0
446 0
763 0
788 0
823 0
543 0
837 0
842 0
875 0
485 0
932 0
735 0
969 0
945 0
365 0
262 0
322 0
861 0
467 0
564 0
459 0
433 0
182 0
344 0
747 0
131 0
239 0
149 0
248 0
911 0
791 0
772 0
928 0
816 0
858 0
954 0
226 0
114 0
396 0
719 0
724 0
418 0
612 0
529 0
492 0
699 0
474 0
578 0
581 0
271 0
284 0
351 0
976 0
993 0
987 0
177 0
383 0
198 0
153 0
257 0
213 0
317 0
889 0
894 0
