c Sudoku solution
p cnf 729 0
164 0
182 0
218 0
267 0
334 0
353 0
371 0
427 0
528 0
547 0
589 0
614 0
623 0
665 0
672 0
759 0
813 0
824 0
848 0
851 0
957 0
926 0
944 0
745 0
443 0
963 0
988 0
738 0
991 0
658 0
368 0
469 0
639 0
919 0
932 0
721 0
717 0
835 0
975 0
137 0
233 0
111 0
316 0
241 0
646 0
561 0
536 0
431 0
681 0
697 0
342 0
149 0
125 0
156 0
255 0
222 0
329 0
877 0
886 0
899 0
792 0
766 0
862 0
476 0
498 0
178 0
193 0
279 0
783 0
774 0
573 0
284 0
296 0
485 0
594 0
454 0
552 0
412 0
515 0
387 0
395 0
