c Sudoku solution
p cnf 729 0
133 0
171 0
259 0
285 0
336 0
345 0
384 0
456 0
497 0
524 0
538 0
555 0
596 0
621 0
616 0
632 0
517 0
644 0
474 0
658 0
667 0
488 0
581 0
572 0
718 0
854 0
911 0
231 0
922 0
946 0
963 0
957 0
989 0
353 0
361 0
751 0
891 0
441 0
462 0
543 0
569 0
152 0
765 0
868 0
683 0
994 0
978 0
875 0
734 0
935 0
439 0
837 0
679 0
695 0
377 0
186 0
273 0
164 0
266 0
214 0
312 0
292 0
793 0
776 0
882 0
787 0
742 0
849 0
729 0
826 0
813 0
415 0
423 0
119 0
125 0
227 0
328 0
147 0
248 0
198 0
399 0
