c Sudoku solution
p cnf 729 0
115 0
121 0
184 0
193 0
213 0
255 0
388 0
417 0
544 0
582 0
599 0
612 0
633 0
641 0
658 0
686 0
695 0
375 0
814 0
829 0
319 0
624 0
439 0
669 0
677 0
842 0
873 0
483 0
927 0
723 0
931 0
732 0
835 0
511 0
578 0
428 0
525 0
536 0
959 0
985 0
996 0
972 0
964 0
943 0
918 0
716 0
354 0
363 0
261 0
391 0
234 0
337 0
138 0
248 0
149 0
322 0
226 0
176 0
346 0
445 0
765 0
747 0
751 0
856 0
868 0
789 0
774 0
798 0
553 0
567 0
452 0
466 0
157 0
162 0
471 0
494 0
279 0
292 0
287 0
881 0
897 0
