c Sudoku solution
p cnf 729 0
132 0
191 0
265 0
286 0
347 0
352 0
366 0
431 0
449 0
464 0
513 0
595 0
612 0
674 0
683 0
453 0
736 0
769 0
792 0
272 0
482 0
846 0
877 0
898 0
919 0
889 0
937 0
757 0
981 0
571 0
699 0
542 0
163 0
556 0
626 0
667 0
568 0
587 0
496 0
478 0
638 0
116 0
861 0
962 0
822 0
833 0
335 0
976 0
297 0
127 0
223 0
417 0
425 0
815 0
854 0
144 0
159 0
188 0
175 0
384 0
393 0
379 0
239 0
321 0
214 0
318 0
711 0
529 0
534 0
773 0
994 0
785 0
943 0
724 0
928 0
748 0
955 0
645 0
651 0
241 0
258 0
