c Sudoku solution
p cnf 729 0
133 0
273 0
288 0
294 0
328 0
335 0
341 0
399 0
486 0
497 0
518 0
559 0
631 0
644 0
739 0
746 0
757 0
784 0
813 0
826 0
854 0
879 0
689 0
914 0
124 0
364 0
353 0
969 0
977 0
996 0
837 0
938 0
981 0
793 0
943 0
861 0
451 0
583 0
162 0
475 0
574 0
591 0
434 0
171 0
195 0
187 0
376 0
382 0
317 0
885 0
925 0
765 0
952 0
848 0
778 0
892 0
615 0
536 0
232 0
149 0
158 0
116 0
442 0
419 0
423 0
468 0
663 0
656 0
522 0
627 0
712 0
721 0
211 0
229 0
255 0
247 0
266 0
545 0
567 0
672 0
698 0
