c Sudoku solution
p cnf 729 0
214 0
256 0
268 0
283 0
295 0
372 0
384 0
435 0
461 0
494 0
558 0
619 0
634 0
663 0
676 0
691 0
717 0
725 0
743 0
764 0
154 0
353 0
544 0
796 0
186 0
839 0
851 0
926 0
824 0
974 0
931 0
781 0
947 0
848 0
866 0
446 0
133 0
271 0
237 0
338 0
316 0
115 0
222 0
249 0
511 0
536 0
412 0
813 0
993 0
918 0
732 0
759 0
778 0
989 0
457 0
569 0
198 0
488 0
479 0
423 0
527 0
628 0
687 0
573 0
592 0
585 0
875 0
177 0
399 0
162 0
141 0
345 0
367 0
129 0
321 0
642 0
655 0
952 0
965 0
882 0
897 0
