c Sudoku solution
p cnf 729 0
134 0
153 0
167 0
239 0
255 0
284 0
315 0
364 0
393 0
497 0
554 0
576 0
588 0
616 0
635 0
726 0
336 0
758 0
762 0
799 0
819 0
832 0
865 0
925 0
883 0
913 0
743 0
223 0
977 0
217 0
737 0
387 0
998 0
982 0
896 0
828 0
714 0
931 0
874 0
944 0
118 0
438 0
533 0
424 0
694 0
186 0
569 0
629 0
527 0
681 0
966 0
959 0
456 0
246 0
785 0
771 0
489 0
278 0
292 0
191 0
379 0
175 0
122 0
321 0
149 0
261 0
352 0
348 0
668 0
463 0
541 0
445 0
411 0
512 0
472 0
595 0
673 0
847 0
851 0
642 0
657 0
