c Sudoku solution
p cnf 729 0
142 0
188 0
216 0
228 0
234 0
325 0
379 0
387 0
431 0
457 0
475 0
526 0
562 0
649 0
694 0
174 0
711 0
121 0
812 0
313 0
332 0
835 0
847 0
267 0
259 0
854 0
881 0
893 0
829 0
948 0
866 0
878 0
738 0
936 0
995 0
285 0
273 0
292 0
391 0
196 0
241 0
163 0
155 0
515 0
544 0
468 0
665 0
618 0
499 0
598 0
583 0
414 0
539 0
551 0
656 0
443 0
422 0
486 0
682 0
577 0
671 0
917 0
972 0
752 0
119 0
137 0
627 0
633 0
745 0
953 0
961 0
769 0
723 0
924 0
784 0
989 0
776 0
797 0
346 0
364 0
358 0
