c Sudoku solution
p cnf 729 0
239 0
273 0
297 0
324 0
338 0
341 0
353 0
376 0
428 0
474 0
496 0
522 0
534 0
557 0
611 0
637 0
487 0
663 0
688 0
721 0
131 0
281 0
768 0
548 0
258 0
895 0
923 0
113 0
433 0
936 0
832 0
735 0
944 0
264 0
654 0
969 0
955 0
982 0
385 0
399 0
184 0
794 0
814 0
918 0
878 0
991 0
977 0
779 0
717 0
829 0
312 0
127 0
367 0
242 0
752 0
847 0
743 0
786 0
883 0
462 0
451 0
856 0
861 0
159 0
571 0
675 0
692 0
626 0
566 0
515 0
419 0
445 0
649 0
216 0
225 0
146 0
165 0
172 0
198 0
589 0
593 0
