c Sudoku solution
p cnf 729 0
125 0
139 0
153 0
171 0
278 0
348 0
118 0
383 0
392 0
422 0
519 0
575 0
588 0
613 0
626 0
667 0
694 0
729 0
747 0
758 0
468 0
638 0
795 0
285 0
855 0
365 0
645 0
881 0
651 0
932 0
915 0
212 0
435 0
552 0
963 0
977 0
679 0
682 0
299 0
241 0
359 0
257 0
761 0
921 0
828 0
998 0
223 0
449 0
543 0
869 0
842 0
893 0
989 0
733 0
162 0
772 0
473 0
236 0
264 0
146 0
184 0
376 0
197 0
944 0
956 0
454 0
566 0
874 0
786 0
714 0
837 0
816 0
487 0
496 0
591 0
411 0
534 0
527 0
317 0
331 0
324 0
