c Sudoku solution
p cnf 729 0
129 0
231 0
266 0
326 0
358 0
387 0
413 0
481 0
553 0
569 0
655 0
692 0
711 0
727 0
744 0
782 0
798 0
863 0
765 0
928 0
848 0
223 0
936 0
733 0
985 0
997 0
973 0
857 0
756 0
779 0
914 0
683 0
499 0
289 0
349 0
143 0
245 0
167 0
393 0
217 0
294 0
252 0
278 0
186 0
959 0
151 0
364 0
195 0
371 0
172 0
134 0
118 0
454 0
891 0
588 0
884 0
876 0
446 0
596 0
616 0
639 0
438 0
537 0
477 0
575 0
674 0
425 0
512 0
462 0
668 0
524 0
621 0
541 0
647 0
315 0
332 0
819 0
822 0
835 0
942 0
961 0
