c Sudoku solution
p cnf 729 0
181 0
212 0
251 0
273 0
297 0
321 0
348 0
357 0
363 0
379 0
395 0
382 0
423 0
431 0
485 0
498 0
576 0
617 0
626 0
661 0
591 0
729 0
813 0
133 0
127 0
828 0
856 0
871 0
894 0
196 0
962 0
832 0
522 0
988 0
786 0
178 0
284 0
238 0
119 0
225 0
518 0
658 0
414 0
316 0
334 0
936 0
737 0
924 0
768 0
674 0
865 0
164 0
246 0
269 0
466 0
567 0
477 0
692 0
772 0
793 0
999 0
975 0
887 0
754 0
741 0
715 0
911 0
849 0
947 0
953 0
544 0
643 0
555 0
583 0
689 0
539 0
635 0
145 0
152 0
442 0
459 0
