c Sudoku solution
p cnf 729 0
157 0
189 0
198 0
246 0
285 0
336 0
176 0
371 0
394 0
422 0
491 0
513 0
534 0
549 0
566 0
582 0
631 0
551 0
652 0
667 0
688 0
528 0
799 0
811 0
825 0
843 0
919 0
924 0
965 0
775 0
577 0
595 0
978 0
956 0
758 0
838 0
947 0
981 0
644 0
615 0
135 0
218 0
114 0
348 0
355 0
445 0
453 0
468 0
254 0
859 0
741 0
142 0
312 0
717 0
726 0
416 0
629 0
437 0
484 0
479 0
696 0
673 0
239 0
261 0
163 0
369 0
121 0
227 0
323 0
387 0
272 0
293 0
874 0
783 0
992 0
732 0
933 0
764 0
862 0
886 0
897 0
