c Sudoku solution
p cnf 729 0
112 0
124 0
199 0
233 0
265 0
356 0
367 0
383 0
435 0
464 0
519 0
558 0
572 0
587 0
631 0
696 0
776 0
794 0
534 0
828 0
897 0
942 0
252 0
392 0
422 0
662 0
957 0
914 0
854 0
971 0
288 0
186 0
291 0
175 0
374 0
277 0
137 0
244 0
349 0
216 0
229 0
338 0
526 0
446 0
647 0
417 0
623 0
618 0
727 0
321 0
315 0
925 0
684 0
679 0
595 0
459 0
655 0
478 0
493 0
481 0
873 0
998 0
989 0
811 0
713 0
751 0
845 0
748 0
769 0
785 0
882 0
732 0
866 0
963 0
839 0
936 0
168 0
153 0
141 0
543 0
561 0
