c Sudoku solution
p cnf 729 0
191 0
222 0
241 0
256 0
273 0
297 0
353 0
368 0
376 0
439 0
463 0
511 0
554 0
569 0
572 0
626 0
632 0
647 0
674 0
771 0
834 0
848 0
895 0
927 0
984 0
394 0
996 0
792 0
498 0
658 0
593 0
699 0
613 0
477 0
537 0
528 0
317 0
175 0
879 0
978 0
415 0
424 0
955 0
943 0
931 0
823 0
783 0
887 0
962 0
851 0
866 0
812 0
919 0
725 0
289 0
188 0
382 0
321 0
335 0
238 0
214 0
116 0
133 0
129 0
349 0
265 0
718 0
736 0
545 0
661 0
452 0
446 0
481 0
685 0
586 0
142 0
157 0
164 0
744 0
767 0
759 0
