c Sudoku solution
p cnf 729 0
172 0
189 0
224 0
276 0
337 0
355 0
368 0
416 0
428 0
467 0
511 0
532 0
586 0
664 0
434 0
688 0
844 0
154 0
861 0
879 0
925 0
947 0
197 0
298 0
285 0
257 0
895 0
958 0
778 0
548 0
981 0
993 0
974 0
796 0
714 0
594 0
384 0
483 0
373 0
391 0
656 0
451 0
475 0
671 0
577 0
565 0
745 0
966 0
912 0
939 0
319 0
322 0
213 0
231 0
126 0
141 0
163 0
346 0
721 0
733 0
853 0
787 0
882 0
827 0
836 0
818 0
617 0
635 0
115 0
138 0
643 0
442 0
559 0
499 0
692 0
523 0
629 0
249 0
262 0
752 0
769 0
