c Sudoku solution
p cnf 729 0
133 0
219 0
273 0
314 0
328 0
335 0
363 0
377 0
412 0
461 0
526 0
534 0
548 0
613 0
652 0
667 0
688 0
438 0
751 0
787 0
847 0
864 0
876 0
918 0
966 0
979 0
983 0
955 0
942 0
392 0
475 0
116 0
715 0
811 0
937 0
736 0
924 0
991 0
517 0
625 0
631 0
429 0
497 0
593 0
559 0
565 0
699 0
486 0
674 0
646 0
839 0
232 0
162 0
356 0
268 0
858 0
743 0
769 0
722 0
823 0
882 0
895 0
444 0
453 0
572 0
581 0
171 0
389 0
198 0
127 0
221 0
154 0
257 0
185 0
149 0
245 0
341 0
778 0
794 0
284 0
296 0
