c Sudoku solution
p cnf 729 0
213 0
224 0
232 0
251 0
265 0
299 0
318 0
339 0
354 0
363 0
396 0
246 0
538 0
544 0
658 0
667 0
671 0
683 0
694 0
815 0
829 0
847 0
342 0
157 0
327 0
381 0
375 0
921 0
728 0
972 0
712 0
622 0
987 0
737 0
288 0
277 0
636 0
619 0
645 0
126 0
135 0
111 0
517 0
431 0
414 0
561 0
497 0
478 0
916 0
741 0
891 0
998 0
868 0
852 0
955 0
148 0
169 0
462 0
766 0
964 0
933 0
834 0
873 0
795 0
886 0
753 0
949 0
443 0
425 0
523 0
174 0
193 0
182 0
779 0
784 0
576 0
489 0
456 0
559 0
585 0
592 0
