c Sudoku solution
p cnf 729 0
115 0
127 0
176 0
184 0
242 0
267 0
338 0
395 0
255 0
448 0
514 0
535 0
569 0
588 0
679 0
691 0
764 0
792 0
132 0
837 0
843 0
859 0
896 0
947 0
952 0
968 0
158 0
298 0
975 0
881 0
865 0
725 0
645 0
654 0
344 0
149 0
161 0
193 0
271 0
289 0
485 0
686 0
633 0
662 0
628 0
617 0
382 0
377 0
787 0
983 0
778 0
874 0
999 0
713 0
818 0
822 0
739 0
412 0
572 0
216 0
234 0
223 0
911 0
319 0
321 0
526 0
431 0
429 0
541 0
924 0
936 0
746 0
751 0
473 0
597 0
494 0
466 0
553 0
457 0
356 0
363 0
