c Sudoku solution
p cnf 729 0
128 0
144 0
196 0
219 0
261 0
285 0
346 0
382 0
434 0
457 0
529 0
545 0
572 0
633 0
641 0
662 0
697 0
789 0
798 0
851 0
867 0
247 0
874 0
895 0
992 0
923 0
971 0
625 0
475 0
313 0
517 0
839 0
236 0
556 0
966 0
776 0
883 0
987 0
181 0
727 0
399 0
294 0
222 0
115 0
324 0
331 0
137 0
152 0
173 0
278 0
377 0
169 0
253 0
421 0
538 0
412 0
616 0
591 0
493 0
679 0
563 0
654 0
486 0
584 0
688 0
711 0
914 0
818 0
826 0
732 0
935 0
743 0
842 0
948 0
959 0
449 0
468 0
755 0
764 0
358 0
365 0
