c Sudoku solution
p cnf 729 0
135 0
156 0
229 0
245 0
264 0
278 0
327 0
333 0
368 0
394 0
541 0
566 0
585 0
375 0
615 0
637 0
663 0
679 0
691 0
739 0
814 0
124 0
118 0
832 0
881 0
171 0
899 0
923 0
977 0
717 0
992 0
795 0
825 0
867 0
858 0
442 0
654 0
648 0
349 0
162 0
351 0
189 0
147 0
253 0
193 0
752 0
761 0
421 0
572 0
686 0
528 0
622 0
534 0
436 0
726 0
911 0
938 0
788 0
231 0
876 0
773 0
984 0
744 0
843 0
946 0
474 0
483 0
597 0
498 0
419 0
513 0
457 0
465 0
559 0
955 0
969 0
382 0
287 0
296 0
212 0
316 0
