c Sudoku solution
p cnf 729 0
125 0
178 0
221 0
283 0
292 0
338 0
396 0
429 0
524 0
548 0
576 0
595 0
667 0
732 0
757 0
793 0
813 0
861 0
894 0
935 0
946 0
952 0
963 0
914 0
711 0
839 0
845 0
858 0
268 0
981 0
159 0
187 0
191 0
244 0
347 0
351 0
143 0
323 0
134 0
622 0
517 0
237 0
442 0
569 0
582 0
641 0
553 0
531 0
471 0
673 0
497 0
433 0
636 0
749 0
764 0
775 0
872 0
886 0
788 0
726 0
827 0
928 0
374 0
279 0
385 0
255 0
362 0
166 0
112 0
319 0
216 0
654 0
456 0
465 0
484 0
418 0
615 0
977 0
999 0
689 0
698 0
