c Sudoku solution
p cnf 729 0
128 0
153 0
213 0
239 0
242 0
316 0
325 0
332 0
348 0
434 0
477 0
491 0
529 0
533 0
555 0
592 0
695 0
415 0
758 0
862 0
884 0
937 0
131 0
951 0
964 0
973 0
393 0
985 0
999 0
918 0
922 0
946 0
612 0
426 0
638 0
452 0
182 0
772 0
227 0
114 0
724 0
823 0
517 0
621 0
541 0
574 0
644 0
294 0
256 0
354 0
898 0
278 0
175 0
196 0
387 0
281 0
379 0
169 0
265 0
361 0
147 0
857 0
659 0
667 0
566 0
468 0
443 0
683 0
489 0
588 0
676 0
763 0
871 0
711 0
819 0
749 0
845 0
735 0
836 0
786 0
797 0
