c Sudoku solution
p cnf 729 0
154 0
211 0
249 0
276 0
284 0
323 0
378 0
437 0
541 0
568 0
575 0
589 0
673 0
725 0
732 0
761 0
351 0
821 0
631 0
847 0
863 0
913 0
533 0
929 0
717 0
955 0
994 0
779 0
872 0
744 0
859 0
474 0
664 0
469 0
619 0
415 0
645 0
524 0
192 0
399 0
139 0
491 0
171 0
977 0
981 0
118 0
235 0
258 0
143 0
293 0
453 0
948 0
962 0
756 0
936 0
814 0
838 0
334 0
446 0
342 0
267 0
222 0
316 0
127 0
166 0
365 0
185 0
387 0
512 0
428 0
626 0
482 0
557 0
652 0
596 0
783 0
798 0
886 0
895 0
688 0
697 0
