c Sudoku solution
p cnf 729 0
139 0
154 0
163 0
283 0
314 0
321 0
333 0
357 0
518 0
545 0
586 0
624 0
666 0
692 0
781 0
834 0
859 0
868 0
896 0
917 0
946 0
256 0
376 0
975 0
755 0
982 0
887 0
873 0
484 0
564 0
744 0
953 0
961 0
842 0
767 0
994 0
811 0
938 0
825 0
929 0
362 0
265 0
212 0
172 0
237 0
115 0
126 0
228 0
469 0
619 0
643 0
447 0
527 0
593 0
579 0
274 0
677 0
471 0
778 0
799 0
188 0
197 0
291 0
141 0
249 0
348 0
685 0
498 0
435 0
631 0
532 0
423 0
416 0
452 0
551 0
658 0
713 0
722 0
736 0
389 0
395 0
