c Sudoku solution
p cnf 729 0
119 0
168 0
194 0
251 0
272 0
286 0
323 0
336 0
415 0
449 0
454 0
476 0
527 0
542 0
685 0
692 0
729 0
738 0
761 0
641 0
796 0
848 0
864 0
877 0
881 0
955 0
775 0
565 0
344 0
395 0
573 0
171 0
311 0
782 0
714 0
747 0
753 0
946 0
156 0
558 0
516 0
826 0
835 0
657 0
666 0
463 0
893 0
812 0
917 0
921 0
933 0
859 0
962 0
613 0
218 0
352 0
183 0
145 0
243 0
122 0
137 0
225 0
234 0
428 0
432 0
531 0
624 0
639 0
491 0
599 0
487 0
678 0
584 0
974 0
379 0
388 0
297 0
269 0
367 0
989 0
998 0
