c Sudoku solution
p cnf 729 0
124 0
157 0
161 0
266 0
319 0
342 0
378 0
438 0
446 0
463 0
534 0
627 0
632 0
659 0
694 0
454 0
712 0
222 0
735 0
743 0
776 0
797 0
892 0
955 0
962 0
856 0
552 0
751 0
353 0
258 0
118 0
974 0
764 0
814 0
244 0
365 0
149 0
384 0
215 0
337 0
411 0
917 0
948 0
847 0
869 0
939 0
926 0
728 0
789 0
888 0
875 0
321 0
233 0
136 0
396 0
823 0
831 0
567 0
668 0
598 0
983 0
991 0
299 0
193 0
172 0
185 0
482 0
477 0
271 0
287 0
673 0
579 0
495 0
429 0
525 0
513 0
616 0
541 0
645 0
586 0
681 0
