c Sudoku solution
p cnf 729 0
135 0
141 0
182 0
196 0
212 0
223 0
269 0
449 0
478 0
515 0
529 0
558 0
563 0
636 0
645 0
671 0
531 0
697 0
689 0
547 0
613 0
628 0
726 0
316 0
321 0
791 0
281 0
834 0
898 0
388 0
918 0
811 0
238 0
168 0
748 0
925 0
933 0
961 0
451 0
466 0
976 0
586 0
295 0
485 0
493 0
574 0
592 0
277 0
394 0
999 0
859 0
846 0
753 0
343 0
173 0
379 0
119 0
124 0
337 0
157 0
414 0
717 0
822 0
739 0
784 0
987 0
883 0
875 0
772 0
765 0
867 0
427 0
432 0
942 0
954 0
244 0
256 0
652 0
664 0
355 0
362 0
