c Sudoku solution
p cnf 729 0
154 0
213 0
286 0
292 0
331 0
342 0
383 0
475 0
482 0
538 0
546 0
557 0
564 0
648 0
498 0
676 0
684 0
697 0
761 0
778 0
188 0
839 0
881 0
589 0
926 0
911 0
947 0
985 0
787 0
969 0
799 0
896 0
756 0
958 0
463 0
853 0
862 0
972 0
874 0
993 0
845 0
744 0
934 0
143 0
652 0
665 0
621 0
633 0
619 0
723 0
573 0
591 0
224 0
268 0
414 0
427 0
436 0
828 0
817 0
318 0
366 0
167 0
237 0
255 0
241 0
359 0
279 0
377 0
394 0
195 0
171 0
325 0
129 0
116 0
132 0
522 0
515 0
712 0
735 0
449 0
451 0
