c Sudoku solution
p cnf 729 0
159 0
161 0
242 0
278 0
287 0
346 0
371 0
455 0
556 0
593 0
637 0
649 0
672 0
681 0
696 0
715 0
625 0
782 0
812 0
952 0
828 0
853 0
751 0
254 0
658 0
357 0
875 0
585 0
933 0
773 0
967 0
945 0
844 0
748 0
897 0
991 0
988 0
727 0
831 0
117 0
143 0
265 0
368 0
383 0
138 0
195 0
392 0
299 0
122 0
335 0
236 0
766 0
869 0
886 0
518 0
176 0
184 0
489 0
498 0
979 0
794 0
739 0
319 0
324 0
926 0
914 0
613 0
463 0
562 0
664 0
432 0
534 0
529 0
474 0
577 0
447 0
541 0
211 0
223 0
416 0
421 0
