c Sudoku solution
p cnf 729 0
126 0
213 0
237 0
298 0
311 0
328 0
356 0
362 0
384 0
433 0
468 0
492 0
544 0
565 0
571 0
588 0
647 0
652 0
674 0
721 0
631 0
618 0
745 0
817 0
838 0
861 0
912 0
842 0
966 0
446 0
451 0
977 0
778 0
782 0
397 0
487 0
527 0
532 0
516 0
736 0
222 0
172 0
241 0
255 0
264 0
289 0
276 0
923 0
343 0
375 0
339 0
873 0
479 0
593 0
629 0
559 0
663 0
719 0
794 0
899 0
886 0
825 0
934 0
854 0
424 0
415 0
114 0
135 0
753 0
767 0
157 0
169 0
148 0
949 0
958 0
183 0
191 0
981 0
995 0
685 0
696 0
