c Sudoku solution
p cnf 729 0
131 0
158 0
277 0
294 0
343 0
355 0
362 0
386 0
411 0
475 0
526 0
553 0
589 0
597 0
625 0
646 0
496 0
691 0
371 0
727 0
734 0
842 0
954 0
966 0
256 0
116 0
776 0
836 0
985 0
887 0
781 0
874 0
759 0
851 0
921 0
947 0
235 0
167 0
144 0
195 0
993 0
792 0
532 0
578 0
514 0
324 0
912 0
979 0
898 0
938 0
428 0
449 0
464 0
668 0
684 0
748 0
545 0
561 0
241 0
269 0
399 0
288 0
129 0
222 0
213 0
318 0
337 0
715 0
763 0
865 0
819 0
823 0
617 0
433 0
639 0
482 0
673 0
457 0
652 0
172 0
183 0
