c Sudoku solution
p cnf 729 0
159 0
217 0
239 0
242 0
325 0
343 0
387 0
415 0
454 0
486 0
533 0
545 0
582 0
631 0
657 0
673 0
463 0
662 0
729 0
775 0
783 0
888 0
914 0
928 0
953 0
977 0
999 0
981 0
932 0
835 0
965 0
946 0
422 0
255 0
284 0
185 0
689 0
695 0
449 0
648 0
519 0
624 0
616 0
527 0
438 0
497 0
471 0
711 0
813 0
826 0
737 0
796 0
752 0
851 0
141 0
167 0
364 0
123 0
221 0
293 0
134 0
336 0
358 0
266 0
278 0
118 0
312 0
847 0
869 0
744 0
768 0
556 0
561 0
379 0
391 0
176 0
192 0
872 0
894 0
574 0
598 0
