c Sudoku solution
p cnf 729 0
128 0
237 0
243 0
278 0
281 0
294 0
311 0
333 0
366 0
382 0
498 0
523 0
585 0
591 0
634 0
672 0
693 0
729 0
747 0
753 0
463 0
892 0
917 0
813 0
948 0
358 0
961 0
976 0
983 0
795 0
999 0
173 0
375 0
324 0
349 0
219 0
226 0
397 0
714 0
762 0
771 0
788 0
736 0
838 0
821 0
954 0
431 0
539 0
265 0
252 0
869 0
479 0
659 0
641 0
144 0
151 0
167 0
484 0
577 0
686 0
556 0
416 0
542 0
445 0
564 0
457 0
668 0
422 0
518 0
627 0
615 0
112 0
135 0
925 0
932 0
846 0
855 0
874 0
887 0
189 0
196 0
