c Sudoku solution
p cnf 729 0
176 0
194 0
226 0
232 0
263 0
278 0
331 0
352 0
182 0
385 0
421 0
458 0
544 0
589 0
629 0
671 0
696 0
712 0
522 0
743 0
761 0
551 0
653 0
141 0
825 0
874 0
886 0
939 0
962 0
892 0
811 0
833 0
642 0
364 0
346 0
168 0
214 0
848 0
472 0
987 0
991 0
973 0
788 0
945 0
255 0
393 0
123 0
281 0
483 0
684 0
598 0
513 0
434 0
638 0
449 0
247 0
159 0
319 0
328 0
299 0
377 0
918 0
736 0
727 0
924 0
754 0
956 0
416 0
566 0
857 0
869 0
575 0
497 0
465 0
667 0
537 0
615 0
117 0
135 0
779 0
795 0
