c Sudoku solution
p cnf 729 0
151 0
194 0
252 0
264 0
273 0
286 0
298 0
317 0
247 0
391 0
445 0
533 0
568 0
579 0
587 0
177 0
657 0
663 0
688 0
695 0
729 0
736 0
859 0
999 0
881 0
896 0
797 0
493 0
592 0
484 0
456 0
554 0
471 0
676 0
541 0
912 0
923 0
843 0
783 0
985 0
958 0
755 0
974 0
946 0
744 0
113 0
516 0
525 0
221 0
642 0
469 0
418 0
624 0
814 0
835 0
215 0
239 0
711 0
937 0
828 0
762 0
961 0
867 0
778 0
872 0
619 0
631 0
334 0
427 0
432 0
138 0
353 0
348 0
149 0
389 0
375 0
182 0
126 0
322 0
165 0
366 0
