c Sudoku solution
p cnf 729 0
138 0
169 0
173 0
191 0
248 0
297 0
329 0
351 0
365 0
454 0
496 0
516 0
535 0
582 0
612 0
624 0
657 0
681 0
767 0
842 0
462 0
856 0
152 0
253 0
898 0
918 0
758 0
955 0
559 0
931 0
976 0
394 0
593 0
574 0
541 0
568 0
527 0
428 0
411 0
678 0
221 0
987 0
861 0
771 0
477 0
372 0
388 0
232 0
875 0
823 0
922 0
792 0
999 0
884 0
783 0
749 0
313 0
819 0
837 0
117 0
214 0
125 0
336 0
144 0
266 0
347 0
186 0
715 0
734 0
726 0
943 0
964 0
445 0
433 0
639 0
489 0
695 0
646 0
663 0
279 0
285 0
