c Sudoku solution
p cnf 729 0
157 0
175 0
212 0
264 0
286 0
293 0
336 0
362 0
388 0
429 0
458 0
465 0
515 0
542 0
556 0
597 0
622 0
631 0
654 0
735 0
769 0
649 0
794 0
876 0
883 0
685 0
953 0
979 0
589 0
987 0
399 0
259 0
713 0
561 0
868 0
966 0
726 0
747 0
778 0
146 0
443 0
667 0
673 0
163 0
248 0
323 0
225 0
271 0
192 0
184 0
377 0
121 0
314 0
237 0
924 0
827 0
844 0
945 0
895 0
417 0
616 0
434 0
574 0
698 0
496 0
528 0
533 0
341 0
355 0
472 0
481 0
782 0
991 0
751 0
852 0
811 0
918 0
932 0
839 0
119 0
138 0
