c Sudoku solution
p cnf 729 0
125 0
149 0
152 0
163 0
217 0
319 0
322 0
371 0
395 0
523 0
535 0
544 0
581 0
616 0
634 0
665 0
673 0
699 0
768 0
872 0
887 0
913 0
938 0
898 0
951 0
791 0
783 0
293 0
282 0
279 0
333 0
989 0
688 0
642 0
621 0
657 0
962 0
367 0
178 0
197 0
228 0
114 0
131 0
236 0
186 0
384 0
811 0
715 0
732 0
975 0
839 0
759 0
429 0
437 0
569 0
485 0
577 0
466 0
441 0
453 0
558 0
474 0
492 0
596 0
418 0
512 0
245 0
261 0
254 0
843 0
855 0
864 0
826 0
348 0
356 0
776 0
994 0
724 0
927 0
747 0
946 0
