c Sudoku solution
p cnf 729 0
146 0
184 0
225 0
241 0
259 0
321 0
333 0
358 0
392 0
416 0
236 0
422 0
498 0
527 0
531 0
619 0
664 0
214 0
317 0
262 0
434 0
365 0
344 0
687 0
691 0
171 0
195 0
768 0
818 0
112 0
548 0
873 0
926 0
945 0
953 0
911 0
157 0
163 0
978 0
994 0
574 0
277 0
293 0
288 0
582 0
483 0
643 0
652 0
513 0
628 0
635 0
555 0
451 0
566 0
475 0
676 0
599 0
715 0
723 0
824 0
754 0
781 0
885 0
129 0
138 0
861 0
856 0
772 0
989 0
796 0
897 0
842 0
932 0
839 0
737 0
749 0
967 0
447 0
469 0
379 0
386 0
