c Sudoku solution
p cnf 729 0
137 0
224 0
233 0
246 0
262 0
299 0
353 0
378 0
535 0
576 0
589 0
612 0
621 0
636 0
654 0
673 0
685 0
815 0
848 0
851 0
874 0
893 0
183 0
918 0
211 0
128 0
325 0
332 0
258 0
287 0
275 0
438 0
839 0
429 0
788 0
931 0
734 0
979 0
982 0
886 0
822 0
867 0
347 0
649 0
668 0
598 0
697 0
514 0
777 0
791 0
995 0
927 0
956 0
417 0
523 0
557 0
542 0
561 0
713 0
726 0
141 0
172 0
745 0
752 0
769 0
944 0
963 0
443 0
455 0
466 0
159 0
165 0
364 0
194 0
116 0
319 0
471 0
381 0
396 0
484 0
492 0
