c Sudoku solution
p cnf 729 0
154 0
182 0
216 0
274 0
297 0
324 0
353 0
366 0
385 0
391 0
412 0
428 0
531 0
556 0
627 0
633 0
436 0
688 0
692 0
676 0
196 0
769 0
783 0
289 0
173 0
378 0
223 0
821 0
111 0
857 0
886 0
939 0
941 0
746 0
771 0
926 0
722 0
481 0
455 0
615 0
514 0
529 0
587 0
479 0
575 0
593 0
494 0
319 0
125 0
149 0
644 0
661 0
659 0
251 0
952 0
872 0
899 0
758 0
717 0
998 0
913 0
818 0
977 0
795 0
984 0
734 0
835 0
864 0
843 0
965 0
447 0
463 0
245 0
342 0
268 0
167 0
138 0
337 0
232 0
548 0
562 0
