c Sudoku solution
p cnf 729 0
113 0
124 0
138 0
192 0
256 0
288 0
293 0
326 0
371 0
429 0
458 0
516 0
528 0
533 0
541 0
587 0
612 0
631 0
719 0
764 0
773 0
898 0
748 0
918 0
368 0
678 0
953 0
823 0
343 0
961 0
151 0
972 0
482 0
491 0
683 0
463 0
999 0
579 0
835 0
927 0
625 0
315 0
414 0
437 0
811 0
722 0
736 0
934 0
781 0
217 0
221 0
696 0
594 0
475 0
446 0
945 0
757 0
866 0
795 0
986 0
884 0
877 0
555 0
562 0
397 0
274 0
389 0
354 0
242 0
239 0
332 0
265 0
849 0
852 0
644 0
659 0
667 0
147 0
169 0
176 0
185 0
