c Sudoku solution
p cnf 729 0
113 0
137 0
146 0
192 0
261 0
278 0
294 0
329 0
375 0
387 0
463 0
484 0
499 0
519 0
525 0
533 0
544 0
556 0
598 0
622 0
226 0
396 0
283 0
695 0
673 0
732 0
235 0
212 0
815 0
828 0
853 0
343 0
866 0
939 0
945 0
785 0
988 0
455 0
165 0
158 0
124 0
686 0
436 0
567 0
442 0
418 0
477 0
421 0
634 0
617 0
311 0
338 0
831 0
897 0
874 0
849 0
779 0
976 0
882 0
716 0
914 0
247 0
259 0
651 0
648 0
669 0
741 0
768 0
754 0
793 0
991 0
727 0
923 0
352 0
364 0
957 0
962 0
572 0
581 0
171 0
189 0
