c Sudoku solution
p cnf 729 0
137 0
156 0
225 0
242 0
276 0
326 0
371 0
392 0
433 0
458 0
494 0
518 0
565 0
631 0
672 0
693 0
688 0
615 0
732 0
763 0
784 0
174 0
791 0
921 0
947 0
955 0
759 0
775 0
835 0
485 0
581 0
596 0
416 0
112 0
211 0
717 0
728 0
746 0
936 0
666 0
851 0
552 0
543 0
422 0
195 0
298 0
345 0
338 0
886 0
982 0
862 0
897 0
999 0
978 0
873 0
913 0
848 0
964 0
123 0
189 0
644 0
657 0
477 0
579 0
527 0
534 0
629 0
824 0
819 0
314 0
239 0
369 0
141 0
168 0
449 0
461 0
254 0
353 0
267 0
283 0
387 0
