c Sudoku solution
p cnf 729 0
227 0
278 0
296 0
313 0
326 0
332 0
351 0
387 0
433 0
484 0
529 0
547 0
562 0
581 0
628 0
636 0
644 0
683 0
553 0
576 0
598 0
735 0
534 0
515 0
125 0
758 0
821 0
422 0
864 0
924 0
723 0
952 0
961 0
441 0
468 0
456 0
417 0
611 0
231 0
348 0
988 0
995 0
285 0
242 0
263 0
365 0
845 0
943 0
916 0
886 0
655 0
669 0
475 0
499 0
394 0
379 0
182 0
774 0
791 0
767 0
746 0
859 0
149 0
166 0
157 0
254 0
114 0
219 0
138 0
818 0
712 0
837 0
939 0
789 0
977 0
171 0
193 0
873 0
892 0
672 0
697 0
