c Sudoku solution
p cnf 729 0
126 0
157 0
215 0
263 0
276 0
291 0
314 0
389 0
429 0
434 0
452 0
487 0
518 0
594 0
637 0
227 0
656 0
675 0
813 0
841 0
864 0
254 0
644 0
917 0
925 0
724 0
535 0
416 0
586 0
936 0
896 0
877 0
397 0
828 0
859 0
885 0
832 0
195 0
346 0
766 0
747 0
755 0
792 0
445 0
567 0
365 0
493 0
623 0
184 0
974 0
981 0
999 0
579 0
682 0
471 0
698 0
468 0
522 0
611 0
551 0
669 0
543 0
719 0
731 0
112 0
321 0
161 0
358 0
149 0
242 0
239 0
288 0
372 0
173 0
138 0
333 0
962 0
948 0
953 0
778 0
783 0
