c Sudoku solution
p cnf 729 0
154 0
188 0
236 0
242 0
315 0
324 0
392 0
468 0
486 0
521 0
535 0
556 0
594 0
632 0
657 0
685 0
734 0
767 0
793 0
822 0
112 0
891 0
923 0
725 0
626 0
228 0
941 0
711 0
955 0
875 0
445 0
414 0
997 0
196 0
295 0
165 0
499 0
698 0
427 0
433 0
518 0
619 0
213 0
817 0
916 0
776 0
978 0
939 0
838 0
129 0
274 0
287 0
577 0
472 0
671 0
583 0
451 0
562 0
549 0
748 0
358 0
259 0
261 0
752 0
964 0
789 0
982 0
884 0
644 0
663 0
853 0
846 0
869 0
366 0
173 0
131 0
337 0
147 0
343 0
379 0
381 0
