c Sudoku solution
p cnf 729 0
139 0
265 0
276 0
282 0
298 0
361 0
375 0
418 0
422 0
454 0
563 0
651 0
674 0
685 0
696 0
725 0
115 0
741 0
752 0
786 0
837 0
633 0
864 0
892 0
995 0
572 0
588 0
928 0
734 0
984 0
338 0
312 0
932 0
231 0
957 0
979 0
911 0
943 0
966 0
521 0
514 0
816 0
547 0
469 0
599 0
167 0
142 0
158 0
126 0
194 0
648 0
662 0
768 0
878 0
881 0
719 0
823 0
213 0
259 0
353 0
346 0
244 0
227 0
324 0
617 0
629 0
445 0
556 0
436 0
535 0
849 0
855 0
183 0
171 0
491 0
487 0
473 0
777 0
793 0
389 0
397 0
