c Sudoku solution
p cnf 729 0
117 0
124 0
156 0
183 0
232 0
265 0
321 0
338 0
362 0
399 0
428 0
452 0
476 0
519 0
587 0
634 0
658 0
733 0
747 0
816 0
213 0
315 0
139 0
226 0
386 0
411 0
612 0
536 0
859 0
249 0
922 0
729 0
842 0
782 0
964 0
918 0
714 0
148 0
161 0
563 0
493 0
525 0
623 0
437 0
469 0
667 0
646 0
445 0
484 0
827 0
766 0
868 0
996 0
977 0
989 0
873 0
374 0
297 0
254 0
343 0
357 0
941 0
755 0
953 0
935 0
831 0
544 0
551 0
679 0
175 0
192 0
572 0
598 0
885 0
894 0
681 0
695 0
288 0
271 0
778 0
791 0
