c Sudoku solution
p cnf 729 0
119 0
147 0
231 0
268 0
328 0
335 0
429 0
434 0
452 0
541 0
585 0
649 0
654 0
665 0
415 0
677 0
467 0
683 0
443 0
566 0
558 0
723 0
746 0
779 0
599 0
574 0
692 0
787 0
853 0
957 0
861 0
755 0
969 0
839 0
537 0
513 0
522 0
133 0
363 0
245 0
896 0
978 0
993 0
875 0
925 0
848 0
621 0
273 0
195 0
188 0
498 0
212 0
882 0
814 0
827 0
317 0
297 0
391 0
151 0
471 0
486 0
981 0
794 0
711 0
916 0
932 0
738 0
762 0
944 0
618 0
636 0
342 0
164 0
172 0
376 0
126 0
224 0
289 0
384 0
256 0
359 0
