c Sudoku solution
p cnf 729 0
132 0
189 0
251 0
273 0
371 0
397 0
434 0
487 0
495 0
528 0
545 0
569 0
586 0
627 0
557 0
698 0
741 0
764 0
853 0
875 0
911 0
121 0
461 0
935 0
755 0
615 0
165 0
956 0
359 0
967 0
777 0
176 0
194 0
292 0
158 0
266 0
654 0
452 0
448 0
512 0
479 0
672 0
574 0
639 0
531 0
593 0
681 0
646 0
663 0
868 0
362 0
978 0
891 0
796 0
999 0
942 0
849 0
113 0
147 0
343 0
244 0
416 0
423 0
924 0
733 0
817 0
836 0
822 0
729 0
718 0
782 0
884 0
983 0
314 0
237 0
219 0
338 0
326 0
225 0
288 0
385 0
