c Sudoku solution
p cnf 729 0
174 0
229 0
234 0
242 0
285 0
355 0
387 0
414 0
427 0
451 0
525 0
583 0
631 0
669 0
675 0
772 0
822 0
836 0
847 0
871 0
591 0
181 0
917 0
797 0
137 0
115 0
192 0
577 0
657 0
267 0
211 0
958 0
962 0
552 0
979 0
399 0
489 0
682 0
694 0
432 0
312 0
984 0
888 0
786 0
946 0
921 0
724 0
854 0
819 0
539 0
544 0
364 0
341 0
761 0
465 0
566 0
443 0
648 0
518 0
616 0
623 0
713 0
935 0
738 0
759 0
863 0
745 0
895 0
993 0
333 0
149 0
168 0
153 0
256 0
126 0
328 0
376 0
273 0
298 0
478 0
496 0
