c Sudoku solution
p cnf 729 0
116 0
197 0
219 0
227 0
242 0
255 0
281 0
324 0
338 0
233 0
359 0
392 0
447 0
367 0
456 0
512 0
521 0
628 0
654 0
665 0
462 0
641 0
311 0
757 0
769 0
549 0
814 0
822 0
952 0
125 0
132 0
873 0
945 0
988 0
718 0
415 0
726 0
743 0
964 0
346 0
383 0
375 0
144 0
268 0
189 0
178 0
848 0
866 0
851 0
153 0
161 0
558 0
563 0
498 0
471 0
423 0
617 0
913 0
929 0
679 0
682 0
693 0
484 0
595 0
439 0
534 0
636 0
772 0
274 0
296 0
785 0
794 0
991 0
899 0
976 0
887 0
731 0
937 0
835 0
577 0
586 0
