c Sudoku solution
p cnf 729 0
127 0
149 0
175 0
272 0
298 0
347 0
287 0
356 0
368 0
393 0
515 0
559 0
571 0
582 0
622 0
631 0
658 0
713 0
825 0
335 0
312 0
852 0
442 0
162 0
869 0
914 0
948 0
951 0
241 0
461 0
965 0
843 0
645 0
255 0
989 0
973 0
926 0
379 0
992 0
732 0
937 0
838 0
811 0
729 0
321 0
384 0
118 0
528 0
886 0
181 0
196 0
791 0
785 0
778 0
488 0
683 0
495 0
699 0
544 0
597 0
674 0
476 0
746 0
877 0
894 0
216 0
239 0
617 0
536 0
419 0
457 0
563 0
666 0
153 0
264 0
134 0
223 0
424 0
433 0
754 0
767 0
