c Sudoku solution
p cnf 729 0
116 0
137 0
171 0
214 0
249 0
276 0
293 0
329 0
445 0
482 0
523 0
584 0
624 0
639 0
643 0
473 0
711 0
744 0
765 0
799 0
579 0
189 0
813 0
919 0
333 0
862 0
859 0
469 0
454 0
886 0
951 0
891 0
681 0
983 0
753 0
163 0
364 0
194 0
341 0
356 0
561 0
998 0
787 0
772 0
848 0
827 0
142 0
392 0
377 0
678 0
558 0
652 0
512 0
257 0
155 0
268 0
128 0
315 0
285 0
388 0
617 0
535 0
418 0
497 0
596 0
695 0
547 0
666 0
925 0
932 0
834 0
875 0
974 0
222 0
231 0
421 0
436 0
726 0
738 0
946 0
967 0
