c Sudoku solution
p cnf 729 0
114 0
128 0
152 0
179 0
232 0
259 0
284 0
295 0
345 0
135 0
371 0
421 0
211 0
463 0
474 0
529 0
533 0
548 0
576 0
646 0
687 0
725 0
756 0
772 0
888 0
891 0
581 0
592 0
382 0
939 0
731 0
319 0
243 0
323 0
853 0
364 0
554 0
436 0
337 0
226 0
166 0
141 0
183 0
197 0
396 0
278 0
267 0
358 0
816 0
834 0
624 0
638 0
498 0
565 0
457 0
651 0
517 0
961 0
768 0
713 0
918 0
789 0
955 0
875 0
827 0
922 0
673 0
699 0
485 0
412 0
615 0
449 0
662 0
842 0
869 0
977 0
794 0
747 0
944 0
986 0
993 0
