c Sudoku solution
p cnf 729 0
134 0
165 0
179 0
192 0
288 0
343 0
423 0
438 0
459 0
494 0
515 0
541 0
597 0
637 0
664 0
524 0
746 0
761 0
835 0
867 0
447 0
148 0
893 0
917 0
944 0
645 0
958 0
755 0
963 0
852 0
849 0
242 0
568 0
462 0
996 0
266 0
369 0
671 0
698 0
411 0
799 0
728 0
878 0
318 0
391 0
295 0
325 0
332 0
733 0
536 0
553 0
656 0
683 0
589 0
572 0
975 0
273 0
113 0
219 0
126 0
231 0
227 0
151 0
187 0
254 0
357 0
816 0
714 0
922 0
821 0
939 0
782 0
981 0
884 0
777 0
612 0
629 0
374 0
386 0
476 0
485 0
