c Sudoku solution
p cnf 729 0
213 0
235 0
241 0
269 0
284 0
311 0
342 0
461 0
482 0
523 0
557 0
615 0
646 0
663 0
697 0
739 0
773 0
493 0
862 0
652 0
875 0
881 0
894 0
914 0
947 0
787 0
965 0
725 0
751 0
992 0
712 0
532 0
188 0
383 0
296 0
258 0
585 0
986 0
798 0
979 0
766 0
744 0
848 0
859 0
953 0
833 0
143 0
445 0
549 0
568 0
454 0
574 0
591 0
476 0
516 0
817 0
826 0
119 0
418 0
437 0
429 0
171 0
195 0
272 0
399 0
377 0
122 0
227 0
156 0
355 0
134 0
328 0
336 0
167 0
364 0
624 0
631 0
921 0
938 0
678 0
689 0
