c Sudoku solution
p cnf 729 0
116 0
124 0
159 0
162 0
239 0
264 0
297 0
322 0
358 0
431 0
446 0
495 0
525 0
557 0
614 0
652 0
689 0
717 0
726 0
784 0
798 0
853 0
454 0
866 0
256 0
881 0
929 0
911 0
828 0
955 0
751 0
769 0
742 0
221 0
549 0
419 0
193 0
623 0
427 0
677 0
847 0
944 0
968 0
834 0
137 0
218 0
243 0
313 0
335 0
145 0
171 0
188 0
386 0
815 0
932 0
733 0
775 0
996 0
512 0
665 0
341 0
367 0
648 0
561 0
463 0
583 0
691 0
636 0
538 0
973 0
987 0
272 0
285 0
478 0
482 0
879 0
892 0
576 0
594 0
374 0
399 0
