c Sudoku solution
p cnf 729 0
225 0
234 0
259 0
286 0
297 0
331 0
352 0
384 0
398 0
446 0
517 0
523 0
594 0
615 0
628 0
683 0
726 0
749 0
767 0
824 0
414 0
421 0
848 0
856 0
887 0
899 0
938 0
927 0
919 0
122 0
272 0
329 0
137 0
347 0
954 0
774 0
788 0
993 0
976 0
536 0
696 0
243 0
261 0
218 0
366 0
116 0
313 0
173 0
375 0
191 0
189 0
871 0
812 0
711 0
941 0
792 0
985 0
962 0
581 0
651 0
457 0
463 0
677 0
478 0
579 0
439 0
632 0
542 0
644 0
669 0
145 0
164 0
158 0
753 0
865 0
735 0
833 0
555 0
568 0
482 0
495 0
