c Sudoku solution
p cnf 729 0
123 0
165 0
219 0
237 0
242 0
263 0
291 0
347 0
359 0
475 0
533 0
566 0
571 0
616 0
655 0
661 0
678 0
697 0
712 0
735 0
743 0
453 0
683 0
756 0
146 0
151 0
813 0
868 0
364 0
258 0
934 0
989 0
179 0
187 0
584 0
854 0
781 0
388 0
639 0
622 0
644 0
438 0
449 0
548 0
599 0
552 0
467 0
132 0
118 0
224 0
194 0
372 0
393 0
276 0
285 0
414 0
421 0
769 0
829 0
877 0
774 0
798 0
727 0
911 0
836 0
928 0
841 0
945 0
315 0
331 0
326 0
517 0
525 0
957 0
962 0
973 0
996 0
882 0
895 0
486 0
492 0
