c Sudoku solution
p cnf 729 0
148 0
246 0
252 0
294 0
314 0
339 0
363 0
381 0
487 0
524 0
541 0
553 0
626 0
631 0
679 0
756 0
798 0
829 0
835 0
884 0
474 0
491 0
466 0
897 0
913 0
938 0
734 0
816 0
136 0
985 0
586 0
999 0
976 0
396 0
233 0
423 0
432 0
537 0
765 0
749 0
843 0
445 0
347 0
355 0
372 0
328 0
871 0
773 0
782 0
922 0
858 0
862 0
944 0
112 0
642 0
592 0
459 0
568 0
418 0
615 0
519 0
575 0
693 0
688 0
177 0
278 0
195 0
183 0
289 0
121 0
217 0
225 0
154 0
169 0
261 0
711 0
727 0
951 0
967 0
657 0
664 0
