c Sudoku solution
p cnf 729 0
158 0
162 0
186 0
218 0
222 0
237 0
331 0
364 0
413 0
459 0
477 0
481 0
521 0
545 0
576 0
583 0
619 0
599 0
688 0
712 0
733 0
774 0
284 0
785 0
842 0
863 0
928 0
957 0
751 0
115 0
316 0
134 0
468 0
567 0
538 0
552 0
514 0
627 0
911 0
817 0
824 0
797 0
889 0
982 0
944 0
973 0
996 0
425 0
726 0
835 0
939 0
856 0
965 0
446 0
661 0
494 0
432 0
636 0
643 0
654 0
748 0
769 0
266 0
387 0
147 0
241 0
349 0
279 0
171 0
193 0
295 0
129 0
323 0
253 0
355 0
878 0
891 0
675 0
692 0
372 0
398 0
