c Sudoku solution
p cnf 729 0
167 0
233 0
255 0
266 0
282 0
319 0
327 0
351 0
376 0
384 0
492 0
537 0
552 0
579 0
583 0
622 0
671 0
686 0
826 0
831 0
845 0
874 0
889 0
939 0
429 0
946 0
796 0
456 0
516 0
136 0
954 0
987 0
198 0
277 0
299 0
181 0
697 0
594 0
447 0
991 0
395 0
173 0
159 0
893 0
817 0
757 0
858 0
862 0
963 0
723 0
653 0
413 0
521 0
461 0
548 0
565 0
434 0
211 0
714 0
741 0
769 0
343 0
142 0
368 0
244 0
115 0
332 0
124 0
228 0
912 0
772 0
618 0
635 0
925 0
738 0
785 0
978 0
649 0
664 0
475 0
488 0
