c Sudoku solution
p cnf 729 0
119 0
161 0
188 0
226 0
253 0
268 0
271 0
321 0
346 0
429 0
466 0
478 0
492 0
532 0
593 0
623 0
443 0
657 0
686 0
516 0
717 0
725 0
839 0
851 0
867 0
883 0
894 0
876 0
845 0
196 0
958 0
756 0
936 0
798 0
662 0
379 0
173 0
249 0
147 0
527 0
487 0
548 0
641 0
581 0
828 0
812 0
924 0
282 0
384 0
365 0
154 0
352 0
122 0
135 0
214 0
237 0
295 0
397 0
744 0
942 0
455 0
434 0
411 0
638 0
615 0
575 0
674 0
699 0
913 0
731 0
763 0
969 0
318 0
333 0
559 0
564 0
772 0
789 0
977 0
985 0
991 0
