c Sudoku solution
p cnf 729 0
231 0
266 0
298 0
317 0
323 0
391 0
452 0
493 0
513 0
549 0
565 0
582 0
597 0
627 0
632 0
654 0
678 0
722 0
828 0
841 0
873 0
889 0
924 0
937 0
733 0
959 0
719 0
911 0
699 0
962 0
943 0
892 0
864 0
857 0
768 0
988 0
646 0
663 0
681 0
615 0
816 0
835 0
745 0
756 0
794 0
369 0
771 0
787 0
196 0
336 0
486 0
475 0
574 0
526 0
421 0
439 0
467 0
551 0
448 0
414 0
538 0
212 0
118 0
134 0
358 0
161 0
372 0
142 0
344 0
247 0
177 0
279 0
129 0
225 0
284 0
183 0
385 0
155 0
253 0
976 0
995 0
