c Sudoku solution
p cnf 729 0
158 0
211 0
224 0
326 0
337 0
359 0
381 0
464 0
488 0
495 0
553 0
562 0
571 0
627 0
676 0
683 0
692 0
719 0
743 0
752 0
798 0
825 0
721 0
856 0
954 0
982 0
993 0
891 0
786 0
734 0
928 0
936 0
917 0
529 0
479 0
614 0
975 0
777 0
874 0
889 0
765 0
363 0
394 0
144 0
161 0
969 0
941 0
649 0
668 0
848 0
867 0
266 0
584 0
597 0
196 0
187 0
285 0
299 0
139 0
115 0
257 0
345 0
242 0
546 0
655 0
451 0
447 0
631 0
535 0
518 0
416 0
813 0
832 0
312 0
123 0
238 0
172 0
378 0
273 0
422 0
433 0
