c Sudoku solution
p cnf 729 0
158 0
184 0
195 0
225 0
278 0
326 0
344 0
359 0
365 0
387 0
414 0
234 0
497 0
515 0
547 0
553 0
579 0
633 0
649 0
731 0
788 0
817 0
627 0
137 0
841 0
872 0
893 0
938 0
835 0
868 0
332 0
318 0
391 0
373 0
176 0
536 0
439 0
448 0
528 0
698 0
483 0
686 0
985 0
745 0
581 0
475 0
592 0
674 0
655 0
564 0
971 0
777 0
282 0
299 0
889 0
856 0
824 0
246 0
466 0
952 0
754 0
943 0
769 0
967 0
796 0
994 0
916 0
929 0
119 0
142 0
451 0
662 0
422 0
611 0
213 0
121 0
163 0
712 0
723 0
257 0
261 0
