c Sudoku solution
p cnf 729 0
113 0
126 0
152 0
177 0
199 0
219 0
243 0
272 0
281 0
334 0
383 0
415 0
436 0
498 0
539 0
542 0
568 0
645 0
674 0
725 0
814 0
829 0
865 0
873 0
888 0
378 0
957 0
992 0
832 0
762 0
897 0
851 0
846 0
511 0
396 0
355 0
693 0
471 0
595 0
576 0
587 0
661 0
656 0
689 0
482 0
266 0
164 0
258 0
141 0
321 0
312 0
185 0
294 0
138 0
235 0
227 0
622 0
928 0
916 0
717 0
618 0
637 0
748 0
791 0
733 0
931 0
963 0
467 0
347 0
369 0
975 0
779 0
786 0
984 0
754 0
949 0
444 0
553 0
459 0
423 0
524 0
