c Sudoku solution
p cnf 729 0
168 0
199 0
272 0
288 0
323 0
357 0
424 0
438 0
318 0
552 0
616 0
637 0
669 0
671 0
683 0
763 0
779 0
829 0
851 0
874 0
915 0
927 0
728 0
946 0
959 0
848 0
658 0
991 0
982 0
978 0
893 0
812 0
742 0
964 0
755 0
867 0
885 0
836 0
933 0
622 0
132 0
362 0
173 0
598 0
492 0
645 0
544 0
447 0
453 0
513 0
475 0
694 0
243 0
349 0
141 0
265 0
381 0
125 0
226 0
254 0
156 0
297 0
184 0
117 0
334 0
714 0
731 0
521 0
419 0
535 0
461 0
566 0
486 0
577 0
589 0
211 0
239 0
376 0
395 0
787 0
796 0
