c Sudoku solution
p cnf 729 0
134 0
146 0
169 0
171 0
226 0
255 0
282 0
297 0
311 0
344 0
274 0
362 0
396 0
413 0
489 0
379 0
492 0
563 0
584 0
614 0
627 0
635 0
693 0
718 0
219 0
729 0
539 0
766 0
772 0
949 0
899 0
659 0
642 0
967 0
973 0
932 0
852 0
668 0
681 0
676 0
261 0
233 0
248 0
823 0
924 0
864 0
794 0
991 0
958 0
743 0
751 0
845 0
737 0
831 0
785 0
986 0
816 0
915 0
512 0
436 0
556 0
117 0
122 0
325 0
338 0
153 0
357 0
383 0
465 0
454 0
575 0
598 0
477 0
441 0
547 0
428 0
521 0
878 0
887 0
188 0
195 0
