c Sudoku solution
p cnf 729 0
163 0
184 0
227 0
259 0
314 0
323 0
338 0
365 0
445 0
462 0
481 0
532 0
547 0
624 0
698 0
739 0
753 0
643 0
778 0
288 0
782 0
672 0
833 0
934 0
854 0
955 0
794 0
244 0
564 0
669 0
474 0
886 0
967 0
717 0
725 0
868 0
148 0
993 0
989 0
971 0
849 0
942 0
583 0
413 0
273 0
685 0
497 0
436 0
637 0
458 0
429 0
515 0
611 0
528 0
551 0
656 0
812 0
821 0
122 0
119 0
352 0
157 0
292 0
216 0
235 0
131 0
391 0
261 0
346 0
918 0
926 0
741 0
766 0
387 0
379 0
877 0
895 0
175 0
196 0
576 0
599 0
