c Sudoku solution
p cnf 729 0
217 0
226 0
254 0
265 0
319 0
335 0
353 0
377 0
384 0
396 0
421 0
485 0
528 0
322 0
536 0
561 0
368 0
341 0
587 0
593 0
639 0
662 0
738 0
118 0
786 0
829 0
858 0
875 0
195 0
897 0
952 0
751 0
983 0
998 0
714 0
974 0
881 0
911 0
937 0
816 0
832 0
723 0
925 0
745 0
767 0
124 0
434 0
627 0
864 0
843 0
463 0
412 0
515 0
613 0
499 0
572 0
544 0
559 0
655 0
779 0
792 0
694 0
688 0
671 0
476 0
457 0
646 0
448 0
949 0
966 0
147 0
242 0
156 0
169 0
182 0
173 0
131 0
233 0
278 0
291 0
289 0
