c Sudoku solution
p cnf 729 0
137 0
214 0
235 0
256 0
321 0
369 0
383 0
395 0
417 0
546 0
552 0
581 0
599 0
611 0
634 0
649 0
673 0
767 0
577 0
564 0
657 0
347 0
774 0
354 0
851 0
892 0
938 0
731 0
533 0
944 0
824 0
927 0
887 0
297 0
955 0
759 0
962 0
866 0
839 0
119 0
429 0
158 0
453 0
989 0
279 0
494 0
184 0
622 0
436 0
712 0
332 0
242 0
172 0
191 0
288 0
376 0
261 0
126 0
223 0
318 0
916 0
993 0
971 0
813 0
725 0
743 0
848 0
875 0
515 0
528 0
441 0
145 0
163 0
482 0
478 0
685 0
696 0
465 0
668 0
786 0
798 0
