c Sudoku solution
p cnf 729 0
149 0
184 0
228 0
231 0
295 0
334 0
355 0
362 0
446 0
469 0
473 0
527 0
578 0
612 0
694 0
791 0
816 0
833 0
879 0
941 0
821 0
966 0
982 0
272 0
998 0
783 0
776 0
974 0
885 0
897 0
953 0
759 0
675 0
388 0
371 0
177 0
492 0
745 0
767 0
937 0
565 0
113 0
196 0
393 0
289 0
326 0
256 0
217 0
319 0
347 0
623 0
543 0
552 0
454 0
425 0
514 0
411 0
438 0
487 0
581 0
718 0
724 0
732 0
915 0
929 0
122 0
135 0
842 0
244 0
263 0
648 0
657 0
661 0
151 0
168 0
858 0
864 0
686 0
599 0
536 0
639 0
