c Sudoku solution
p cnf 729 0
226 0
235 0
251 0
263 0
278 0
312 0
321 0
375 0
384 0
458 0
466 0
525 0
537 0
594 0
616 0
693 0
333 0
799 0
853 0
877 0
919 0
948 0
368 0
898 0
957 0
973 0
774 0
183 0
992 0
924 0
822 0
297 0
396 0
191 0
214 0
359 0
242 0
347 0
172 0
289 0
667 0
552 0
762 0
576 0
487 0
682 0
495 0
588 0
432 0
634 0
444 0
543 0
655 0
511 0
413 0
429 0
628 0
471 0
679 0
569 0
641 0
815 0
723 0
717 0
738 0
118 0
127 0
139 0
781 0
886 0
985 0
831 0
936 0
961 0
849 0
864 0
154 0
165 0
146 0
745 0
756 0
