c Sudoku solution
p cnf 729 0
187 0
261 0
298 0
327 0
358 0
396 0
412 0
446 0
469 0
483 0
511 0
563 0
588 0
595 0
633 0
672 0
719 0
722 0
753 0
785 0
813 0
831 0
121 0
223 0
842 0
552 0
879 0
935 0
964 0
275 0
173 0
343 0
993 0
982 0
232 0
192 0
362 0
315 0
699 0
529 0
247 0
544 0
978 0
926 0
917 0
154 0
886 0
766 0
256 0
165 0
149 0
339 0
214 0
289 0
645 0
668 0
425 0
438 0
624 0
537 0
616 0
576 0
681 0
451 0
657 0
118 0
136 0
828 0
734 0
894 0
748 0
941 0
959 0
855 0
867 0
384 0
371 0
777 0
791 0
474 0
497 0
