c Sudoku solution
p cnf 729 0
124 0
221 0
232 0
338 0
342 0
375 0
383 0
397 0
472 0
513 0
133 0
558 0
594 0
635 0
643 0
493 0
667 0
754 0
364 0
351 0
444 0
614 0
786 0
819 0
316 0
329 0
887 0
577 0
912 0
182 0
947 0
959 0
991 0
171 0
681 0
455 0
585 0
522 0
652 0
718 0
411 0
166 0
157 0
253 0
115 0
217 0
856 0
546 0
561 0
469 0
539 0
488 0
628 0
984 0
834 0
731 0
936 0
727 0
745 0
841 0
968 0
895 0
792 0
779 0
763 0
862 0
823 0
925 0
878 0
973 0
426 0
437 0
265 0
274 0
289 0
296 0
198 0
149 0
248 0
676 0
699 0
