c Sudoku solution
p cnf 729 0
213 0
221 0
235 0
268 0
322 0
334 0
361 0
379 0
386 0
437 0
499 0
526 0
558 0
565 0
594 0
628 0
673 0
692 0
476 0
488 0
685 0
297 0
757 0
842 0
851 0
936 0
116 0
949 0
748 0
955 0
259 0
246 0
353 0
656 0
669 0
647 0
614 0
631 0
441 0
543 0
423 0
415 0
144 0
152 0
167 0
345 0
129 0
317 0
138 0
398 0
454 0
462 0
963 0
991 0
711 0
982 0
732 0
918 0
833 0
819 0
789 0
793 0
896 0
766 0
864 0
887 0
825 0
724 0
927 0
775 0
974 0
878 0
512 0
539 0
272 0
284 0
171 0
183 0
195 0
577 0
581 0
