c Sudoku solution
p cnf 729 0
146 0
153 0
168 0
213 0
261 0
365 0
388 0
422 0
467 0
528 0
238 0
545 0
574 0
587 0
624 0
682 0
759 0
784 0
829 0
847 0
881 0
934 0
864 0
951 0
855 0
972 0
986 0
999 0
963 0
948 0
766 0
742 0
723 0
562 0
556 0
658 0
454 0
669 0
483 0
441 0
643 0
533 0
591 0
479 0
498 0
519 0
893 0
878 0
718 0
731 0
611 0
637 0
373 0
171 0
321 0
226 0
396 0
676 0
695 0
797 0
775 0
277 0
285 0
189 0
339 0
252 0
357 0
294 0
192 0
135 0
312 0
114 0
127 0
249 0
344 0
816 0
832 0
415 0
436 0
917 0
925 0
