c Sudoku solution
p cnf 729 0
117 0
166 0
193 0
251 0
359 0
374 0
413 0
452 0
465 0
477 0
489 0
541 0
556 0
624 0
653 0
667 0
685 0
726 0
732 0
775 0
783 0
573 0
797 0
811 0
761 0
838 0
876 0
946 0
981 0
999 0
978 0
962 0
188 0
758 0
272 0
179 0
391 0
295 0
671 0
749 0
714 0
915 0
829 0
954 0
863 0
648 0
444 0
569 0
155 0
264 0
142 0
368 0
134 0
121 0
335 0
428 0
431 0
512 0
496 0
692 0
584 0
598 0
316 0
322 0
286 0
387 0
247 0
343 0
619 0
636 0
218 0
223 0
239 0
927 0
933 0
525 0
537 0
845 0
857 0
882 0
894 0
