c Sudoku solution
p cnf 729 0
137 0
213 0
251 0
274 0
328 0
336 0
345 0
382 0
393 0
463 0
498 0
527 0
558 0
584 0
661 0
687 0
696 0
759 0
765 0
831 0
866 0
885 0
953 0
143 0
783 0
823 0
977 0
297 0
367 0
354 0
964 0
986 0
176 0
195 0
152 0
246 0
456 0
655 0
447 0
644 0
516 0
726 0
717 0
857 0
549 0
562 0
591 0
489 0
181 0
379 0
288 0
311 0
168 0
269 0
421 0
124 0
119 0
771 0
878 0
941 0
842 0
748 0
814 0
732 0
794 0
899 0
992 0
434 0
235 0
222 0
629 0
925 0
918 0
939 0
415 0
533 0
472 0
673 0
575 0
612 0
638 0
