c Sudoku solution
p cnf 729 0
112 0
188 0
244 0
349 0
377 0
384 0
396 0
426 0
442 0
465 0
494 0
543 0
587 0
624 0
134 0
657 0
666 0
576 0
682 0
733 0
751 0
816 0
236 0
868 0
648 0
561 0
554 0
459 0
141 0
156 0
874 0
921 0
992 0
272 0
263 0
167 0
362 0
852 0
722 0
532 0
953 0
217 0
437 0
827 0
845 0
839 0
797 0
746 0
947 0
986 0
598 0
418 0
613 0
631 0
311 0
323 0
714 0
769 0
964 0
778 0
785 0
979 0
915 0
938 0
519 0
525 0
129 0
228 0
335 0
255 0
358 0
471 0
483 0
173 0
195 0
675 0
699 0
881 0
893 0
289 0
291 0
