c Sudoku solution
p cnf 729 0
132 0
154 0
166 0
234 0
258 0
295 0
327 0
353 0
399 0
462 0
513 0
535 0
547 0
267 0
617 0
674 0
384 0
736 0
789 0
793 0
855 0
864 0
994 0
444 0
524 0
622 0
714 0
887 0
757 0
937 0
833 0
952 0
772 0
725 0
812 0
282 0
342 0
592 0
898 0
579 0
748 0
761 0
365 0
115 0
645 0
663 0
568 0
943 0
969 0
846 0
871 0
829 0
149 0
241 0
219 0
581 0
696 0
497 0
688 0
556 0
177 0
191 0
378 0
276 0
183 0
128 0
223 0
316 0
331 0
426 0
921 0
918 0
411 0
639 0
438 0
459 0
651 0
473 0
485 0
975 0
986 0
