c Sudoku solution
p cnf 729 0
194 0
216 0
229 0
285 0
297 0
338 0
372 0
512 0
588 0
624 0
643 0
659 0
661 0
618 0
677 0
725 0
833 0
852 0
884 0
895 0
635 0
917 0
787 0
932 0
792 0
122 0
696 0
682 0
998 0
828 0
956 0
876 0
736 0
714 0
921 0
819 0
841 0
867 0
771 0
234 0
251 0
965 0
944 0
973 0
989 0
278 0
179 0
263 0
242 0
462 0
753 0
349 0
748 0
769 0
458 0
474 0
575 0
445 0
426 0
437 0
523 0
411 0
539 0
483 0
499 0
591 0
131 0
327 0
168 0
381 0
393 0
186 0
113 0
315 0
155 0
354 0
366 0
147 0
546 0
564 0
557 0
