c Sudoku solution
p cnf 729 0
126 0
162 0
187 0
275 0
323 0
357 0
361 0
389 0
392 0
429 0
432 0
456 0
465 0
488 0
497 0
521 0
564 0
599 0
617 0
547 0
649 0
718 0
731 0
834 0
859 0
779 0
269 0
881 0
984 0
995 0
237 0
796 0
927 0
767 0
877 0
783 0
972 0
898 0
286 0
346 0
145 0
755 0
744 0
842 0
722 0
825 0
212 0
111 0
139 0
291 0
919 0
441 0
671 0
576 0
636 0
685 0
582 0
652 0
816 0
933 0
863 0
966 0
948 0
951 0
243 0
553 0
668 0
515 0
413 0
624 0
538 0
474 0
693 0
314 0
228 0
335 0
254 0
158 0
378 0
173 0
194 0
