c Sudoku solution
p cnf 729 0
157 0
194 0
211 0
245 0
258 0
329 0
392 0
423 0
435 0
454 0
538 0
547 0
589 0
591 0
683 0
725 0
771 0
798 0
836 0
843 0
919 0
639 0
621 0
931 0
924 0
966 0
786 0
948 0
884 0
287 0
827 0
818 0
767 0
744 0
759 0
128 0
337 0
234 0
364 0
993 0
977 0
642 0
522 0
226 0
262 0
273 0
299 0
879 0
982 0
895 0
852 0
861 0
955 0
351 0
346 0
163 0
149 0
181 0
132 0
115 0
313 0
176 0
712 0
733 0
441 0
469 0
668 0
553 0
565 0
656 0
472 0
488 0
574 0
675 0
697 0
496 0
417 0
516 0
614 0
378 0
385 0
