c Sudoku solution
p cnf 729 0
213 0
224 0
245 0
272 0
329 0
343 0
351 0
364 0
557 0
561 0
589 0
594 0
634 0
646 0
675 0
716 0
792 0
821 0
837 0
868 0
886 0
923 0
967 0
956 0
147 0
317 0
332 0
978 0
376 0
496 0
573 0
433 0
385 0
398 0
287 0
777 0
471 0
697 0
611 0
419 0
427 0
465 0
763 0
893 0
995 0
879 0
939 0
749 0
941 0
781 0
984 0
754 0
842 0
855 0
912 0
814 0
548 0
444 0
452 0
488 0
682 0
522 0
628 0
536 0
515 0
118 0
258 0
126 0
135 0
231 0
266 0
299 0
174 0
725 0
738 0
159 0
162 0
653 0
669 0
183 0
191 0
