c Sudoku solution
p cnf 729 0
129 0
183 0
222 0
244 0
259 0
278 0
336 0
384 0
415 0
438 0
494 0
593 0
646 0
652 0
675 0
698 0
719 0
767 0
772 0
482 0
835 0
325 0
842 0
858 0
886 0
912 0
532 0
639 0
516 0
476 0
949 0
469 0
589 0
995 0
791 0
788 0
987 0
899 0
928 0
726 0
379 0
285 0
681 0
577 0
171 0
134 0
733 0
745 0
754 0
931 0
861 0
873 0
974 0
237 0
118 0
296 0
147 0
192 0
397 0
362 0
348 0
443 0
664 0
457 0
421 0
524 0
814 0
827 0
617 0
623 0
541 0
555 0
568 0
351 0
263 0
211 0
313 0
953 0
966 0
156 0
165 0
