c Sudoku solution
p cnf 729 0
167 0
243 0
269 0
271 0
282 0
296 0
362 0
374 0
425 0
536 0
551 0
595 0
623 0
637 0
679 0
694 0
765 0
787 0
397 0
829 0
854 0
984 0
144 0
341 0
645 0
881 0
961 0
491 0
611 0
652 0
898 0
932 0
792 0
999 0
842 0
817 0
227 0
193 0
973 0
776 0
875 0
833 0
915 0
926 0
753 0
866 0
749 0
313 0
116 0
122 0
131 0
328 0
214 0
235 0
339 0
356 0
189 0
258 0
155 0
178 0
385 0
718 0
721 0
734 0
524 0
438 0
464 0
446 0
668 0
563 0
483 0
588 0
686 0
948 0
957 0
547 0
459 0
477 0
572 0
412 0
519 0
