c Sudoku solution
p cnf 729 0
136 0
159 0
268 0
285 0
292 0
317 0
324 0
388 0
549 0
575 0
586 0
591 0
612 0
633 0
661 0
674 0
687 0
838 0
854 0
244 0
876 0
256 0
277 0
396 0
379 0
883 0
895 0
957 0
827 0
797 0
528 0
514 0
537 0
464 0
118 0
447 0
646 0
167 0
969 0
766 0
862 0
841 0
819 0
789 0
734 0
351 0
563 0
552 0
753 0
365 0
125 0
332 0
142 0
343 0
629 0
655 0
458 0
698 0
239 0
482 0
473 0
499 0
171 0
184 0
193 0
981 0
994 0
935 0
711 0
722 0
778 0
972 0
745 0
948 0
213 0
221 0
916 0
923 0
415 0
431 0
426 0
