c Sudoku solution
p cnf 729 0
118 0
163 0
185 0
197 0
217 0
235 0
266 0
273 0
332 0
364 0
448 0
469 0
539 0
554 0
572 0
591 0
626 0
633 0
515 0
528 0
567 0
783 0
586 0
493 0
543 0
456 0
475 0
834 0
887 0
677 0
484 0
614 0
912 0
411 0
437 0
422 0
282 0
959 0
853 0
923 0
727 0
825 0
947 0
744 0
846 0
819 0
716 0
313 0
136 0
357 0
345 0
258 0
892 0
871 0
988 0
779 0
795 0
965 0
868 0
738 0
931 0
655 0
381 0
329 0
378 0
396 0
976 0
994 0
174 0
299 0
121 0
224 0
152 0
241 0
149 0
642 0
661 0
751 0
762 0
689 0
698 0
