c Sudoku solution
p cnf 729 0
138 0
246 0
253 0
294 0
331 0
376 0
383 0
423 0
113 0
126 0
469 0
514 0
324 0
586 0
592 0
671 0
684 0
745 0
777 0
789 0
811 0
521 0
827 0
935 0
944 0
734 0
833 0
874 0
454 0
441 0
164 0
988 0
993 0
791 0
972 0
885 0
896 0
763 0
929 0
916 0
756 0
436 0
412 0
718 0
722 0
628 0
615 0
225 0
232 0
666 0
182 0
573 0
699 0
643 0
652 0
539 0
637 0
281 0
151 0
957 0
961 0
487 0
268 0
217 0
319 0
279 0
398 0
197 0
175 0
149 0
355 0
859 0
558 0
565 0
547 0
342 0
367 0
848 0
862 0
478 0
495 0
