c Sudoku solution
p cnf 729 0
135 0
154 0
186 0
192 0
253 0
287 0
299 0
313 0
173 0
327 0
342 0
351 0
271 0
461 0
523 0
531 0
568 0
596 0
612 0
684 0
691 0
734 0
757 0
858 0
876 0
889 0
915 0
946 0
982 0
781 0
841 0
817 0
822 0
921 0
833 0
762 0
959 0
938 0
111 0
232 0
585 0
552 0
472 0
483 0
388 0
656 0
455 0
625 0
678 0
497 0
579 0
637 0
547 0
444 0
514 0
224 0
167 0
977 0
374 0
395 0
775 0
894 0
993 0
798 0
743 0
964 0
865 0
649 0
663 0
245 0
266 0
369 0
148 0
129 0
218 0
336 0
428 0
726 0
719 0
416 0
439 0
