c Sudoku solution
p cnf 729 0
138 0
159 0
161 0
186 0
242 0
254 0
319 0
357 0
382 0
432 0
479 0
535 0
588 0
618 0
646 0
653 0
677 0
767 0
791 0
825 0
836 0
874 0
921 0
728 0
122 0
175 0
215 0
143 0
484 0
963 0
516 0
496 0
411 0
423 0
527 0
447 0
681 0
695 0
662 0
551 0
226 0
324 0
117 0
194 0
268 0
366 0
345 0
937 0
739 0
629 0
634 0
841 0
744 0
914 0
549 0
564 0
948 0
852 0
869 0
813 0
712 0
898 0
887 0
458 0
465 0
378 0
393 0
271 0
233 0
331 0
783 0
776 0
972 0
755 0
956 0
573 0
592 0
985 0
999 0
289 0
297 0
