c Sudoku solution
p cnf 729 0
161 0
177 0
263 0
292 0
318 0
354 0
365 0
389 0
431 0
486 0
537 0
543 0
595 0
624 0
655 0
697 0
719 0
726 0
828 0
638 0
867 0
787 0
896 0
921 0
917 0
211 0
934 0
114 0
942 0
152 0
993 0
198 0
391 0
794 0
768 0
844 0
745 0
641 0
499 0
529 0
669 0
616 0
512 0
462 0
564 0
556 0
474 0
322 0
227 0
347 0
448 0
457 0
258 0
959 0
966 0
879 0
284 0
139 0
146 0
249 0
123 0
336 0
235 0
185 0
373 0
276 0
425 0
413 0
815 0
672 0
683 0
771 0
882 0
753 0
851 0
732 0
833 0
578 0
581 0
975 0
988 0
