c Sudoku solution
p cnf 729 0
142 0
163 0
184 0
225 0
246 0
287 0
338 0
349 0
383 0
395 0
155 0
575 0
586 0
599 0
636 0
641 0
697 0
766 0
456 0
829 0
833 0
213 0
878 0
198 0
928 0
947 0
817 0
916 0
777 0
896 0
953 0
793 0
985 0
789 0
969 0
659 0
992 0
881 0
974 0
751 0
748 0
931 0
494 0
471 0
673 0
291 0
361 0
357 0
622 0
688 0
482 0
724 0
326 0
176 0
372 0
279 0
232 0
314 0
712 0
735 0
615 0
664 0
543 0
445 0
423 0
534 0
844 0
852 0
865 0
558 0
562 0
467 0
439 0
527 0
511 0
418 0
119 0
121 0
137 0
254 0
268 0
