c Sudoku solution
p cnf 729 0
113 0
146 0
224 0
248 0
354 0
362 0
375 0
434 0
483 0
498 0
551 0
615 0
629 0
668 0
687 0
727 0
819 0
835 0
125 0
863 0
888 0
178 0
918 0
714 0
758 0
926 0
523 0
538 0
328 0
947 0
985 0
595 0
994 0
844 0
564 0
517 0
674 0
184 0
277 0
337 0
897 0
856 0
466 0
457 0
445 0
549 0
636 0
479 0
691 0
765 0
255 0
343 0
261 0
293 0
741 0
969 0
952 0
642 0
653 0
159 0
167 0
239 0
381 0
192 0
286 0
399 0
131 0
316 0
212 0
411 0
422 0
821 0
933 0
732 0
872 0
971 0
576 0
582 0
773 0
789 0
796 0
