c Sudoku solution
p cnf 729 0
115 0
128 0
139 0
164 0
224 0
278 0
327 0
396 0
413 0
445 0
456 0
146 0
499 0
549 0
563 0
572 0
652 0
737 0
771 0
788 0
816 0
766 0
236 0
333 0
835 0
969 0
976 0
992 0
432 0
421 0
468 0
923 0
931 0
918 0
714 0
729 0
822 0
742 0
517 0
619 0
182 0
484 0
477 0
173 0
675 0
525 0
626 0
586 0
374 0
879 0
894 0
151 0
348 0
197 0
858 0
554 0
591 0
683 0
698 0
538 0
634 0
944 0
887 0
793 0
985 0
755 0
843 0
861 0
957 0
641 0
667 0
247 0
253 0
359 0
289 0
381 0
295 0
211 0
312 0
262 0
365 0
