c Sudoku solution
p cnf 729 0
138 0
141 0
169 0
192 0
254 0
279 0
356 0
362 0
417 0
432 0
513 0
535 0
587 0
598 0
631 0
723 0
826 0
616 0
236 0
333 0
848 0
268 0
864 0
899 0
837 0
918 0
952 0
222 0
986 0
176 0
496 0
997 0
377 0
388 0
247 0
153 0
345 0
127 0
925 0
321 0
215 0
114 0
319 0
185 0
394 0
778 0
693 0
291 0
283 0
873 0
795 0
855 0
551 0
566 0
746 0
459 0
658 0
667 0
465 0
443 0
675 0
428 0
689 0
572 0
544 0
642 0
529 0
624 0
949 0
963 0
761 0
757 0
712 0
811 0
784 0
882 0
971 0
739 0
934 0
474 0
481 0
