c Sudoku solution
p cnf 729 0
125 0
136 0
194 0
224 0
261 0
286 0
348 0
417 0
459 0
485 0
498 0
568 0
593 0
655 0
672 0
699 0
815 0
535 0
826 0
839 0
882 0
897 0
928 0
937 0
327 0
529 0
944 0
863 0
841 0
858 0
874 0
551 0
354 0
366 0
245 0
292 0
995 0
765 0
375 0
391 0
111 0
796 0
956 0
238 0
618 0
516 0
542 0
464 0
667 0
634 0
584 0
577 0
476 0
681 0
443 0
646 0
623 0
714 0
187 0
178 0
153 0
162 0
257 0
149 0
747 0
752 0
969 0
721 0
733 0
912 0
332 0
422 0
431 0
971 0
983 0
273 0
389 0
219 0
313 0
779 0
788 0
