c Sudoku solution
p cnf 729 0
132 0
168 0
214 0
247 0
266 0
271 0
352 0
379 0
398 0
533 0
548 0
556 0
655 0
664 0
688 0
693 0
717 0
799 0
811 0
859 0
253 0
149 0
874 0
886 0
912 0
418 0
963 0
823 0
838 0
228 0
239 0
929 0
619 0
515 0
443 0
985 0
282 0
295 0
125 0
151 0
365 0
344 0
735 0
845 0
457 0
867 0
892 0
475 0
572 0
489 0
569 0
422 0
461 0
642 0
762 0
936 0
724 0
758 0
954 0
746 0
941 0
781 0
997 0
773 0
978 0
434 0
496 0
677 0
527 0
337 0
321 0
316 0
113 0
383 0
626 0
631 0
176 0
584 0
591 0
187 0
194 0
