c Sudoku solution
p cnf 729 0
122 0
131 0
169 0
237 0
251 0
286 0
348 0
373 0
381 0
475 0
483 0
521 0
559 0
565 0
578 0
584 0
627 0
668 0
753 0
263 0
113 0
839 0
844 0
871 0
926 0
823 0
993 0
952 0
858 0
654 0
364 0
242 0
392 0
357 0
462 0
155 0
146 0
295 0
279 0
456 0
787 0
896 0
974 0
772 0
885 0
812 0
766 0
867 0
961 0
711 0
917 0
516 0
532 0
633 0
615 0
543 0
641 0
447 0
491 0
597 0
319 0
336 0
325 0
429 0
676 0
682 0
699 0
177 0
194 0
188 0
989 0
798 0
724 0
735 0
938 0
749 0
945 0
228 0
214 0
418 0
434 0
