c Sudoku solution
p cnf 729 0
171 0
217 0
222 0
266 0
284 0
311 0
323 0
414 0
463 0
492 0
526 0
559 0
638 0
685 0
752 0
767 0
773 0
789 0
848 0
918 0
798 0
128 0
927 0
941 0
251 0
278 0
974 0
577 0
437 0
996 0
982 0
875 0
372 0
832 0
561 0
458 0
588 0
731 0
368 0
183 0
386 0
243 0
136 0
334 0
481 0
621 0
887 0
891 0
162 0
154 0
355 0
953 0
856 0
716 0
813 0
533 0
594 0
693 0
657 0
664 0
744 0
869 0
965 0
725 0
824 0
939 0
429 0
515 0
612 0
445 0
542 0
646 0
476 0
679 0
119 0
235 0
195 0
299 0
397 0
147 0
349 0
