c Sudoku solution
p cnf 729 0
114 0
178 0
219 0
237 0
347 0
368 0
228 0
381 0
417 0
491 0
579 0
595 0
621 0
131 0
645 0
656 0
682 0
753 0
772 0
826 0
869 0
639 0
887 0
677 0
197 0
913 0
618 0
942 0
985 0
999 0
729 0
927 0
767 0
855 0
557 0
189 0
152 0
359 0
292 0
449 0
663 0
694 0
374 0
275 0
165 0
123 0
146 0
243 0
286 0
393 0
966 0
971 0
873 0
251 0
264 0
561 0
462 0
476 0
784 0
898 0
796 0
433 0
425 0
488 0
583 0
454 0
548 0
524 0
322 0
844 0
741 0
958 0
715 0
811 0
832 0
934 0
738 0
512 0
536 0
316 0
335 0
