c Sudoku solution
p cnf 729 0
112 0
126 0
157 0
183 0
198 0
251 0
287 0
364 0
376 0
392 0
421 0
465 0
169 0
145 0
529 0
542 0
262 0
246 0
553 0
358 0
343 0
574 0
171 0
134 0
294 0
667 0
672 0
432 0
817 0
537 0
327 0
888 0
478 0
497 0
693 0
413 0
931 0
311 0
968 0
648 0
561 0
681 0
489 0
456 0
444 0
659 0
518 0
385 0
279 0
215 0
339 0
586 0
595 0
977 0
747 0
841 0
949 0
791 0
719 0
899 0
996 0
923 0
955 0
982 0
784 0
752 0
854 0
822 0
914 0
616 0
624 0
635 0
228 0
233 0
725 0
836 0
738 0
773 0
875 0
766 0
863 0
