c Sudoku solution
p cnf 729 0
124 0
131 0
148 0
165 0
199 0
239 0
257 0
285 0
298 0
323 0
462 0
476 0
513 0
556 0
582 0
595 0
645 0
689 0
697 0
766 0
779 0
792 0
821 0
854 0
937 0
538 0
318 0
335 0
117 0
186 0
346 0
434 0
733 0
728 0
674 0
571 0
493 0
488 0
896 0
832 0
636 0
622 0
611 0
451 0
212 0
226 0
273 0
172 0
377 0
153 0
352 0
369 0
916 0
714 0
755 0
942 0
843 0
887 0
781 0
747 0
961 0
241 0
264 0
544 0
449 0
567 0
427 0
415 0
529 0
819 0
925 0
875 0
978 0
868 0
959 0
658 0
663 0
384 0
391 0
983 0
994 0
